5335 12
0.541103 0.619679 -0.568512 0 0.733816 -0.0177262 0.679117 0 0.410757 -0.784655 -0.464322 0 305.659 298.57 -346.309 1 
0.955223 0.275251 0.108563 0 0.221265 -0.420901 -0.879707 0 -0.196446 0.864337 -0.462958 0 351.879 92.0093 -22.7343 1 
0.589914 0.599174 0.541287 0 0.496644 0.259319 -0.828311 0 -0.636669 0.757459 -0.1446 0 206.385 296.41 116.121 1 
-0.843425 -0.44142 -0.306239 0 0.364788 -0.889007 0.276759 0 -0.394416 0.121713 0.910836 0 -398.991 -260.691 -46.9539 1 
0.321243 -0.65022 0.688489 0 0.279211 -0.629673 -0.72495 0 0.9049 0.425119 -0.0207296 0 112.9 -238.559 240.078 1 
-0.983396 -0.0350677 0.178055 0 -0.134825 -0.515563 -0.846178 0 0.121472 -0.856134 0.502275 0 -480.251 -42.0873 38.8356 1 
0.0438192 0.737061 -0.674404 0 -0.998793 0.0173227 -0.0459642 0 -0.0221959 0.675604 0.73693 0 163.632 320.686 -287.842 1 
0.753045 0.572081 0.325034 0 -0.430699 0.802043 -0.413795 0 -0.497415 0.171615 0.850368 0 391.548 240.716 210.184 1 
0.256229 0.962104 -0.0932908 0 -0.877841 0.191208 -0.439129 0 -0.40465 0.194412 0.893567 0 237.235 445.368 30.3468 1 
0.814774 0.577542 -0.0508688 0 -0.508705 0.754228 0.415161 0 0.27814 -0.312385 0.908325 0 397.127 252.078 -35.0446 1 
-0.757421 0.441894 -0.480669 0 -0.461618 0.158217 0.872855 0 0.461759 0.883005 0.0841494 0 -343.616 194.205 -127.206 1 
0.00925622 0.959193 0.282603 0 -0.679009 -0.201439 0.705952 0 0.734072 -0.198424 0.649436 0 -58.3603 468.021 184.167 1 
0.354197 -0.30328 0.884627 0 -0.773437 0.436739 0.459406 0 -0.52568 -0.846924 -0.0798761 0 -43.1618 -67.8042 451.111 1 
-0.607789 -0.521643 0.598733 0 0.734178 -0.656454 0.17335 0 0.302614 0.544937 0.781965 0 -247.786 -273.972 248.412 1 
0.0462156 -0.564291 0.824281 0 -0.829512 -0.481434 -0.283074 0 0.556573 -0.670669 -0.490336 0 167.275 -105.672 387.586 1 
0.702438 -0.160652 0.693377 0 0.381601 -0.737332 -0.557424 0 0.600801 0.656149 -0.456625 0 190.79 37.0493 359.101 1 
0.557981 -0.509945 0.654686 0 0.280606 -0.626506 -0.727152 0 0.780972 0.589446 -0.206485 0 152.111 -171.126 326.759 1 
0.862199 -0.31014 0.400532 0 0.207879 -0.504414 -0.838065 0 0.461952 0.805841 -0.370434 0 304.326 -110.008 216.013 1 
0.977011 -0.135267 -0.164779 0 0.201281 0.839989 0.503889 0 0.0702534 -0.525472 0.847906 0 476.533 -153.8 -169.253 1 
-0.895473 0.107418 -0.431959 0 -0.266421 -0.906759 0.326814 0 -0.356577 0.407736 0.840597 0 -439.021 120.504 -246.201 1 
-0.74061 -0.421065 -0.523641 0 0.238766 -0.893358 0.38066 0 -0.628082 0.156893 0.762166 0 -418.217 -149.443 -255.447 1 
-0.803644 -0.352257 -0.479658 0 0.151144 -0.900384 0.408 0 -0.575598 0.255389 0.77683 0 -436.602 -117.895 -233.72 1 
-0.349483 -0.657779 -0.667225 0 0.934322 -0.297897 -0.195705 0 -0.0700336 -0.691798 0.718687 0 -208.473 -308.979 -324.571 1 
-0.239963 -0.77595 -0.583369 0 0.86701 0.0990259 -0.488351 0 0.436705 -0.622973 0.648994 0 -138.767 -338.003 -277.189 1 
0.0171824 -0.882533 -0.469936 0 0.613519 0.380427 -0.692004 0 0.789493 -0.276425 0.547988 0 -29.4387 -390.661 -218.073 1 
-0.836298 -0.0509383 0.545903 0 0.271614 -0.903401 0.331803 0 0.476268 0.425761 0.769348 0 -481.501 109.178 159.273 1 
0.572579 -0.629179 0.52563 0 0.601293 0.758101 0.252447 0 -0.557315 0.171512 0.812394 0 205.431 -445.358 157.174 1 
-0.978907 0.162877 0.123334 0 -0.166142 -0.985962 -0.0165973 0 0.118899 -0.036738 0.992226 0 -470.853 138.851 5.94452 1 
-0.425793 -0.760707 0.489923 0 -0.429225 -0.306843 -0.849478 0 0.796534 -0.571989 -0.195863 0 -155.969 -310.942 198.911 1 
0.342071 -0.801307 0.49081 0 -0.188724 -0.570262 -0.79949 0 0.920527 0.180855 -0.346296 0 101.319 -258.49 278.842 1 
0.675286 -0.601432 0.426928 0 -0.0336758 -0.603381 -0.796742 0 0.736787 0.523652 -0.427708 0 228.058 -208.334 236.193 1 
0.153158 -0.0877323 0.9843 0 0.657345 0.752767 -0.035188 0 -0.737862 0.652414 0.172963 0 -25.2939 -232.986 420.972 1 
-0.354836 -0.904238 0.237583 0 0.918234 -0.289251 0.27052 0 -0.175893 0.314147 0.932938 0 -321.123 -425.908 40.7357 1 
0.506899 -0.82091 -0.262982 0 0.851336 0.428906 0.302105 0 -0.135207 -0.377023 0.916282 0 178.895 -461.062 -172.361 1 
-0.594995 -0.494106 0.633909 0 0.697466 -0.70936 0.101733 0 0.399402 0.502661 0.766688 0 -431.134 -143.978 228.688 1 
-0.729673 -0.445011 0.519175 0 0.596172 -0.78587 0.16428 0 0.334898 0.429388 0.838731 0 -470.608 -115.074 165.444 1 
0.944588 -0.157167 0.288189 0 0.080244 0.961851 0.261542 0 -0.3183 -0.223923 0.921164 0 475.982 -223.307 57.441 1 
-0.720071 -0.690429 -0.0693219 0 0.691639 -0.722193 0.0085682 0 -0.0559796 -0.041776 0.997558 0 -413.683 -278.506 -89.9634 1 
0.942881 -0.0652631 0.326675 0 0.12574 0.977808 -0.167575 0 -0.308489 0.19908 0.930162 0 448.753 -84.1185 88.7783 1 
0.583554 -0.751044 0.308866 0 -0.354755 -0.577897 -0.734972 0 0.730489 0.319325 -0.60367 0 227.422 -242.399 187.561 1 
-0.974141 0.0344296 0.223304 0 -0.157796 0.603689 -0.781448 0 -0.161711 -0.796476 -0.582645 0 -350.646 -13.5063 148.768 1 
-0.627034 -0.229053 -0.744556 0 0.0362983 -0.963347 0.265793 0 -0.778146 0.139635 0.612365 0 -208.364 -15.6603 -413.74 1 
-0.651376 0.248277 -0.716985 0 -0.738036 -0.426638 0.522764 0 -0.176103 0.869677 0.461139 0 -325.416 168.502 -345.746 1 
0.466102 -0.816219 -0.341374 0 0.571096 0.572267 -0.588524 0 0.675721 0.0793547 0.732874 0 226.804 -353.765 -146.787 1 
0.895779 0.297244 -0.330494 0 -0.401897 0.859242 -0.316517 0 0.189892 0.416354 0.889152 0 401.256 151.952 -160.751 1 
0.839853 0.236516 -0.488576 0 0.542654 -0.344021 0.766275 0 0.0131554 -0.908686 -0.417273 0 534.902 59.0377 -100.014 1 
0.421356 -0.884124 0.201951 0 0.493722 0.410422 0.766676 0 -0.760721 -0.223336 0.609445 0 292.297 -443.097 185.09 1 
0.838925 -0.501357 0.211771 0 -0.0197372 0.360826 0.932425 0 -0.54389 -0.786413 0.29281 0 419.509 -250.674 317.22 1 
0.925401 -0.343313 0.160528 0 -0.0358029 0.34248 0.938843 0 -0.377295 -0.874553 0.30464 0 473.422 -172.888 293.41 1 
-0.497905 -0.86108 -0.103109 0 0.859997 -0.505574 0.0692788 0 -0.111784 -0.0541791 0.992254 0 -139.374 -448.564 -55.1285 1 
0.890495 -0.421959 -0.170206 0 0.438314 0.895926 0.0721009 0 0.122068 -0.138809 0.982767 0 499.19 -48.9738 -95.5356 1 
0.582191 -0.327278 -0.744273 0 0.448327 0.892885 -0.0419336 0 0.678275 -0.309265 0.666557 0 323.042 -13.2536 -346.638 1 
0.640548 -0.39081 -0.661033 0 -0.238048 0.717355 -0.654779 0 0.73009 0.576775 0.366469 0 268.302 -81.4677 -335.75 1 
0.783834 -0.583993 -0.211086 0 -0.344257 -0.125759 -0.930415 0 0.51681 0.801958 -0.299618 0 294.868 -247.104 -47.1775 1 
0.588077 0.210209 0.781011 0 0.114021 0.934445 -0.33736 0 -0.800728 0.287445 0.525557 0 308.44 -98.0737 345.182 1 
0.973572 0.0427009 -0.224353 0 0.057139 0.905579 0.420311 0 0.221117 -0.422022 0.879207 0 466.72 -49.7654 -194.001 1 
-0.898191 -0.206079 -0.388311 0 0.00822456 -0.891038 0.453854 0 -0.439529 0.404454 0.802017 0 -441.843 -44.4914 -205.377 1 
-0.783542 0.175194 -0.596129 0 -0.588639 -0.516451 0.621919 0 -0.198915 0.838204 0.507787 0 -491.977 26.6341 -116.346 1 
0.130195 0.573322 -0.80892 0 -0.38315 0.781577 0.492274 0 0.914465 0.245846 0.321425 0 62.2029 404.257 -246.256 1 
0.25529 0.67968 -0.68765 0 -0.153581 0.730693 0.665207 0 0.954589 -0.0642108 0.290925 0 148.912 429.47 -168.991 1 
0.360628 0.597917 -0.715851 0 0.193865 0.702683 0.684582 0 0.91234 -0.385658 0.137492 0 248.873 373.826 -191.444 1 
0.227075 0.705977 -0.670846 0 0.0741728 0.674302 0.734721 0 0.971048 -0.216595 0.100753 0 168.307 431.499 -164.376 1 
0.227727 0.655389 -0.720143 0 -0.47082 0.721486 0.507727 0 0.852331 0.223435 0.472872 0 79.7599 438.569 -189.445 1 
-0.276232 0.890367 -0.361861 0 -0.937185 -0.166086 0.306756 0 0.213025 0.423866 0.880317 0 -161.967 394.789 -159.587 1 
0.417426 -0.484622 0.768699 0 -0.756042 0.28409 0.589656 0 -0.50414 -0.827306 -0.247807 0 82.6182 -213.148 511.397 1 
0.332451 0.197076 0.9223 0 -0.581302 0.812898 0.0358362 0 -0.742674 -0.548049 0.384809 0 152.172 141.17 524.299 1 
0.294797 0.479966 0.826273 0 -0.481917 -0.672001 0.56229 0 0.825137 -0.563956 0.0331999 0 96.8264 91.8376 544.773 1 
0.570391 -0.739443 -0.357601 0 0.782882 0.357716 0.509054 0 -0.248496 -0.570319 0.782934 0 398.419 -272.979 -91.2539 1 
0.267166 0.167991 -0.948895 0 -0.778569 0.617875 -0.109822 0 0.567849 0.768121 0.295868 0 87.665 72.9664 -366.912 1 
-0.0698158 0.534617 -0.842205 0 0.926345 0.348014 0.144123 0 0.37015 -0.770111 -0.519537 0 106.943 228.139 -296.23 1 
-0.804659 -0.107571 -0.583911 0 -0.453112 0.74678 0.486835 0 0.383684 0.656313 -0.649646 0 -386.312 91.7386 -141.954 1 
0.322355 0.309023 -0.894758 0 0.937884 0.0238481 0.346128 0 0.1283 -0.950756 -0.28214 0 304.856 58.2338 -292.983 1 
-0.276808 0.642743 -0.714324 0 -0.914912 -0.403562 -0.00858479 0 -0.293792 0.651167 0.699762 0 -116.326 257.681 -310.936 1 
-0.196252 0.701166 -0.685457 0 -0.976074 -0.206432 0.0682946 0 -0.0936144 0.68246 0.724903 0 -94.134 274.33 -299.38 1 
0.388722 0.727492 -0.565376 0 -0.67657 0.641923 0.360814 0 0.625418 0.24226 0.741729 0 134.542 330.779 -258.738 1 
0.0100242 0.814245 -0.580435 0 -0.888692 0.273349 0.368112 0 0.458394 0.512138 0.726354 0 -34.2791 346.645 -260.988 1 
0.407018 -0.0712027 -0.91064 0 0.54489 0.819069 0.1795 0 0.733097 -0.569258 0.372174 0 164.487 10.805 -363.168 1 
-0.144684 -0.768181 -0.62367 0 0.166056 -0.640214 0.750035 0 -0.975445 0.0049537 0.220189 0 -47.6996 -460.239 -92.3533 1 
0.273155 0.667677 0.692527 0 -0.895003 -0.0875141 0.437391 0 0.352642 -0.73929 0.573668 0 31.0296 315.55 403.918 1 
-0.131225 0.575419 0.807262 0 -0.369527 -0.78401 0.498776 0 0.919907 -0.232853 0.315515 0 -94.8457 150.963 486.306 1 
0.366454 0.345254 0.864009 0 -0.831377 -0.295437 0.470669 0 0.417761 -0.890796 0.178772 0 68.9725 76.6371 509.649 1 
-0.157016 0.8102 0.564732 0 0.156303 -0.544231 0.824246 0 0.975149 0.217689 -0.0411836 0 -35.3185 280.227 413.781 1 
0.374112 0.760183 0.53119 0 -0.14633 -0.51722 0.84325 0 0.915766 -0.393199 -0.0822612 0 134.532 246.841 400.518 1 
0.260325 0.917774 0.29987 0 -0.938201 0.167092 0.303081 0 0.228054 -0.360238 0.904555 0 86.7664 462.117 161.614 1 
-0.317124 0.816196 0.482966 0 -0.792381 -0.507852 0.337962 0 0.521119 -0.275518 0.80779 0 -242.81 352.98 270.271 1 
0.918118 -0.343966 0.196841 0 0.199875 0.830785 0.519468 0 -0.342211 -0.437589 0.831509 0 474.929 -63.8332 140.197 1 
0.99769 0.0666335 -0.0131863 0 -0.0472887 0.820718 0.569372 0 0.0487615 -0.567434 0.821974 0 470.662 140.96 40.7925 1 
-0.458471 0.793109 0.400978 0 -0.304004 -0.563932 0.76783 0 0.835097 0.230129 0.499654 0 -273.676 283.985 310.855 1 
-0.286403 0.414485 -0.863814 0 -0.169034 0.865581 0.471377 0 0.943081 0.281018 -0.177843 0 -146.897 292.33 -254.382 1 
-0.437081 -0.318463 -0.841155 0 -0.704689 0.702399 0.100241 0 0.558904 0.636566 -0.531423 0 -225.699 -18.3144 -303.01 1 
0.579407 0.304616 -0.755974 0 -0.166525 0.95221 0.256058 0 0.797845 -0.022473 0.602444 0 230.836 309.937 -317.886 1 
0.375607 0.723074 -0.579728 0 -0.519361 0.682303 0.514517 0 0.767583 0.107832 0.631813 0 86.0667 446.435 -183.401 1 
0.981883 -0.111283 0.153367 0 0.130393 0.984082 -0.12075 0 -0.137488 0.138561 0.980764 0 473.065 -53.3376 70.2167 1 
0.582672 -0.216277 0.783401 0 0.113741 0.976154 0.184893 0 -0.804708 -0.0186269 0.593378 0 332.266 -89.6353 413.868 1 
-0.0709889 -0.507277 0.858854 0 0.114932 0.851132 0.512215 0 -0.990834 0.135071 -0.00211888 0 -14.5606 -150.045 552.476 1 
0.926172 0.167646 -0.337788 0 0.061316 0.816878 0.573543 0 0.372084 -0.551911 0.74629 0 434.884 209.577 -72.1549 1 
0.823169 0.55671 0.111656 0 -0.564391 0.82376 0.0536824 0 -0.0620918 -0.107207 0.992296 0 322.601 342.886 42.2826 1 
0.798981 0.155409 0.580927 0 -0.409368 -0.567078 0.714731 0 0.440507 -0.80887 -0.389466 0 349.852 -15.5962 442.321 1 
-0.827848 0.543748 -0.137863 0 -0.353656 -0.315144 0.880688 0 0.435425 0.777832 0.453191 0 -366.021 177.402 -47.2061 1 
0.359263 0.767691 0.530642 0 -0.392212 -0.391746 0.832289 0 0.846817 -0.507135 0.160358 0 120.285 299.011 212.29 1 
0.613621 0.660817 0.432192 0 -0.315647 -0.296427 0.901386 0 0.723765 -0.68953 0.0266912 0 225.152 242.827 170.392 1 
-0.237664 0.836905 0.493058 0 0.804566 -0.114793 0.582663 0 0.544233 0.535176 -0.646063 0 12.6137 292.213 221.647 1 
-0.11764 0.186076 0.975467 0 -0.557228 -0.825439 0.0902561 0 0.821984 -0.53294 0.200791 0 -153.039 -108.44 426.882 1 
-0.496669 0.859692 0.11937 0 -0.651773 -0.278604 -0.705387 0 -0.573159 -0.428146 0.698698 0 -325.417 384.011 -30.9256 1 
-0.226951 -0.970065 0.0864091 0 0.533168 -0.198002 -0.822513 0 0.815 -0.140599 0.562144 0 -24.2607 -500.393 -74.15 1 
0.140233 -0.988378 -0.0586807 0 0.414848 0.112466 -0.902913 0 0.899019 0.102275 0.425798 0 166.078 -462.542 -145.609 1 
0.169904 -0.983551 -0.0613223 0 0.37482 0.122048 -0.919029 0 0.911396 0.133162 0.389391 0 176.085 -455.653 -153.685 1 
-0.379055 0.923011 -0.0660892 0 -0.315675 -0.196113 -0.92838 0 -0.869866 -0.331044 0.365709 0 -268.218 406.092 -159.015 1 
-0.69868 -0.619423 0.357998 0 -0.319582 -0.177479 -0.930789 0 0.640089 -0.764733 -0.0739555 0 -370.471 -307.361 -16.8219 1 
-0.780409 0.601326 0.171372 0 -0.615082 -0.78757 -0.0375193 0 0.112406 -0.134688 0.984492 0 -374.907 278.437 71.712 1 
0.0879187 0.967591 0.236724 0 -0.979245 0.0403862 0.198614 0 0.182616 -0.249273 0.95106 0 21.8719 449.588 89.2951 1 
-0.598373 0.763747 0.242157 0 -0.656169 -0.293692 -0.695117 0 -0.459774 -0.574835 0.676885 0 -380.797 324.934 9.72905 1 
-0.958799 0.195869 0.205767 0 -0.278601 -0.50666 -0.81589 0 -0.0555536 -0.839601 0.540355 0 -504.073 11.9214 -23.0751 1 
0.0868888 -0.34467 -0.934694 0 0.429011 0.859732 -0.277147 0 0.899111 -0.376913 0.222568 0 22.5789 -132.532 -360.398 1 
-0.141165 -0.211644 -0.967098 0 0.79851 0.553107 -0.237601 0 0.585196 -0.805779 0.0909203 0 -53.1406 -59.1348 -369.926 1 
-0.416697 -0.447668 -0.791174 0 -0.653991 0.752139 -0.0811356 0 0.631395 0.483611 -0.606185 0 -212.805 -78.6929 -285.026 1 
-0.340468 -0.661315 -0.668389 0 -0.857507 0.509987 -0.0677878 0 0.385699 0.550069 -0.740716 0 -207.818 -161.386 -254.47 1 
-0.0665567 0.632992 -0.771292 0 0.951264 0.273532 0.142398 0 0.30111 -0.724225 -0.620348 0 114.462 273.622 -253.649 1 
-9.99629e-05 0.420605 -0.907244 0 -0.999637 0.0244041 0.0114241 0 0.0269455 0.906916 0.42045 0 -20.0542 137.78 -374.065 1 
0.144641 0.598608 -0.787875 0 -0.899974 0.410524 0.146685 0 0.411249 0.687851 0.59811 0 28.8575 237.342 -352.766 1 
0.0886286 0.680161 -0.727686 0 -0.924569 0.327965 0.193938 0 0.370564 0.655607 0.657922 0 4.28962 277.823 -334.981 1 
0.179274 0.611346 -0.770789 0 -0.75837 0.58496 0.287572 0 0.626687 0.532989 0.568495 0 34.2371 255.512 -343.363 1 
0.08604 -0.0391898 -0.995521 0 0.656253 0.754057 0.0270337 0 0.74962 -0.655639 0.0905975 0 32.6349 25.2377 -379.657 1 
0.717222 -0.156851 0.678963 0 -0.317952 0.793345 0.519143 0 -0.62008 -0.588218 0.519133 0 284.144 9.8997 423.387 1 
-0.656171 0.556057 0.510138 0 -0.191681 -0.776673 0.600032 0 0.729862 0.295939 0.616216 0 -337.127 159.624 340.158 1 
0.493763 -0.789027 0.365559 0 0.368237 0.570543 0.734086 0 -0.787781 -0.227852 0.572262 0 294.146 -287.952 283.264 1 
0.662644 -0.630434 0.404298 0 -0.0226246 0.522734 0.852196 0 -0.748593 -0.573849 0.332123 0 306.187 -203.84 332.408 1 
0.774738 0.326193 0.541645 0 -0.532237 -0.126007 0.837165 0 0.341328 -0.936867 0.0759894 0 275.05 115.118 398.967 1 
-0.252882 0.845313 0.470635 0 -0.0177806 -0.490425 0.871302 0 0.967334 0.211968 0.13905 0 -115.633 305.102 371.006 1 
-0.385036 0.742899 -0.547584 0 -0.907228 -0.195793 0.372294 0 0.169364 0.64013 0.749366 0 -219.516 292.804 -257.615 1 
0.890066 -0.31467 -0.329796 0 0.453451 0.685071 0.57014 0 0.0465279 -0.657008 0.752446 0 464.053 -46.1203 -114.859 1 
-0.058883 0.949839 0.307145 0 -0.719463 -0.253672 0.646547 0 0.69203 -0.182909 0.698311 0 -121.431 432.061 214.796 1 
-0.874977 0.436235 0.210034 0 0.310274 0.172193 0.934922 0 0.371679 0.883204 -0.286017 0 -298.12 176.999 121.861 1 
0.752166 0.0780199 0.654339 0 -0.0965165 -0.969215 0.22651 0 0.651867 -0.233528 -0.72148 0 294.266 -150.226 282.824 1 
-0.968677 -0.209177 0.133831 0 0.228414 -0.539085 0.810688 0 -0.0974308 0.815863 0.569978 0 -393.524 -87.5083 46.1107 1 
-0.917557 -0.321405 0.234071 0 0.0143122 -0.615018 -0.788383 0 0.397347 -0.720036 0.568914 0 -438.37 -269.438 32.5198 1 
-0.167685 0.921317 -0.350793 0 -0.831137 -0.323484 -0.452294 0 -0.530183 0.215714 0.819984 0 -280.512 419.99 -155.674 1 
-0.455461 -0.799058 0.392507 0 0.869379 -0.494138 0.00286049 0 0.191667 0.34254 0.919744 0 -194.648 -392.04 167.696 1 
-0.634737 0.717984 0.285672 0 0.611538 0.240751 0.753698 0 0.472367 0.653099 -0.591888 0 -153.063 294.126 169.181 1 
-0.772693 0.617368 -0.147656 0 0.221002 0.479695 0.849147 0 0.595066 0.623497 -0.507097 0 -279.738 325.817 98.7958 1 
0.814716 0.350333 -0.462066 0 -0.169545 0.905956 0.387942 0 0.55452 -0.237721 0.797493 0 347.875 155.354 -211.696 1 
-0.726091 0.238348 0.644967 0 -0.513705 -0.811537 -0.278415 0 0.457055 -0.533477 0.71169 0 -407.184 -87.9663 346.419 1 
-0.368407 -0.0276351 -0.929254 0 -0.536292 0.822795 0.188146 0 0.759386 0.567666 -0.317944 0 -162.398 37.3304 -326.754 1 
-0.217871 0.345259 -0.912868 0 0.694277 0.712203 0.103664 0 0.685939 -0.611198 -0.394874 0 -12.8853 156.256 -324.472 1 
-0.480118 -0.0708116 -0.874341 0 -0.335721 0.935683 0.108572 0 0.810418 0.345662 -0.473011 0 -173.009 59.0379 -310.94 1 
0.415554 -0.032031 -0.909004 0 0.635221 0.725507 0.264828 0 0.651006 -0.687469 0.321835 0 169.484 29.8322 -352.167 1 
-0.382977 0.609038 0.694551 0 -0.684255 -0.692146 0.229629 0 0.620584 -0.387307 0.681813 0 -243.134 225.956 385.28 1 
-0.536387 0.47542 0.697328 0 -0.498438 -0.845206 0.192839 0 0.681065 -0.244138 0.690324 0 -307.872 147.508 372.564 1 
-0.437699 0.557673 0.705281 0 -0.627975 -0.750994 0.204096 0 0.643481 -0.353566 0.678914 0 -273.058 195.511 377.71 1 
0.461442 0.6714 0.579907 0 -0.868974 0.210344 0.447928 0 0.178759 -0.710617 0.680491 0 125.007 352.956 332.877 1 
0.596257 0.231484 0.768696 0 -0.624396 0.735565 0.26282 0 -0.504587 -0.636678 0.583123 0 200.795 178.178 437.262 1 
0.119997 0.66659 0.735703 0 -0.925285 -0.193471 0.326216 0 0.359789 -0.71988 0.593569 0 -61.8531 285.29 415.468 1 
-0.877717 0.0121245 0.479026 0 -0.186817 -0.929234 -0.318784 0 0.441262 -0.369292 0.81787 0 -412.513 -190.995 265.776 1 
0.304436 0.952363 0.0179475 0 -0.934343 0.294905 0.200084 0 0.18526 -0.0776819 0.979614 0 127.968 458.233 3.60605 1 
0.998114 0.0403437 0.0462721 0 -0.0517739 0.958207 0.281351 0 -0.0329875 -0.283216 0.958489 0 474.305 42.2767 18.6125 1 
-0.185924 0.945627 0.266874 0 -0.967498 -0.223572 0.118164 0 0.171404 -0.236231 0.95646 0 -109.746 456.202 138.859 1 
0.884995 0.464751 0.0281229 0 -0.45173 0.842427 0.293694 0 0.112803 -0.272621 0.955486 0 405.128 247.912 8.52588 1 
0.639375 0.33486 -0.692148 0 0.606237 0.334155 0.721677 0 0.472945 -0.881028 0.0106456 0 304.134 181.35 -173.157 1 
0.250479 0.82121 -0.512714 0 -0.897378 0.39567 0.19534 0 0.363281 0.411169 0.836042 0 106.941 344.046 -235.19 1 
0.384026 0.500317 0.77602 0 -0.921932 0.161663 0.352005 0 0.0506607 -0.850616 0.523341 0 56.446 246.487 441.532 1 
-0.656888 0.357193 -0.664011 0 0.0527958 0.900295 0.432068 0 0.752137 0.248763 -0.610251 0 -239.371 268.597 -170.054 1 
0.217878 0.0154468 -0.975854 0 0.572502 0.807757 0.140608 0 0.790424 -0.589314 0.167149 0 80.4833 56.2614 -371.324 1 
-0.847722 0.147508 -0.509519 0 -0.494104 0.129817 0.859657 0 0.19295 0.980505 -0.0371645 0 -445.924 105.042 -22.7965 1 
-0.490449 -0.723864 0.485263 0 0.805116 -0.163244 0.57021 0 -0.333538 0.670352 0.662857 0 -117.701 -369.312 312.354 1 
-0.538212 0.84231 -0.0289975 0 -0.788509 -0.491088 0.370252 0 0.297626 0.222139 0.928479 0 -295.027 372.683 -16.2631 1 
0.884064 0.296346 0.3614 0 -0.458466 0.700078 0.547449 0 -0.0907742 -0.649669 0.754778 0 376.827 228.428 219.672 1 
-0.333418 0.93785 -0.0962811 0 0.327986 0.211133 0.920787 0 0.883888 0.275428 -0.377997 0 -101.648 414.695 140.187 1 
0.424102 -0.481627 -0.766924 0 0.727106 0.685926 -0.0286778 0 0.539865 -0.545473 0.641097 0 162.784 -180.353 -329.773 1 
0.557162 0.113896 -0.822556 0 0.167894 0.954641 0.24591 0 0.813254 -0.275114 0.512768 0 201.611 74.1066 -340.699 1 
0.845795 0.319473 0.427279 0 -0.525282 0.638759 0.562197 0 -0.0933212 -0.699946 0.708073 0 352.602 229.776 265.133 1 
0.0595883 0.78407 0.617806 0 -0.794533 -0.33741 0.504848 0 0.604289 -0.52095 0.602864 0 -51.7118 324.917 386.601 1 
-0.323403 0.715219 0.619574 0 -0.150127 -0.685248 0.712669 0 0.934276 0.137465 0.328984 0 -156.951 237.007 414.839 1 
0.5124 0.855646 -0.0729079 0 -0.82172 0.513198 0.247799 0 0.249444 -0.0670622 0.966064 0 222.61 408.678 -46.334 1 
0.734306 0.578924 0.35446 0 -0.627843 0.380691 0.678887 0 0.258084 -0.721056 0.643017 0 272.074 329.774 255.077 1 
0.960396 0.0850149 0.265351 0 -0.257334 0.635831 0.727666 0 -0.106856 -0.767132 0.632527 0 420.226 136.649 217.102 1 
0.879183 -0.474608 -0.0422404 0 0.363122 0.609978 0.704322 0 -0.308511 -0.634566 0.708623 0 464.669 -118.699 66.2222 1 
0.978448 0.168775 -0.118974 0 -0.0405611 0.722025 0.690677 0 0.202471 -0.670966 0.713309 0 421.202 211.511 36.2071 1 
0.85965 0.508808 -0.0459946 0 -0.346921 0.647475 0.678544 0 0.375029 -0.567354 0.733118 0 348.221 333.397 143.458 1 
0.69296 0.719356 0.0483017 0 -0.47157 0.40155 0.785098 0 0.54537 -0.566819 0.617485 0 221.5 378.977 196.762 1 
-0.356058 -0.529415 -0.770027 0 -0.816118 0.57755 -0.0197108 0 0.455164 0.621415 -0.637706 0 -203.182 -111.868 -281.446 1 
-0.915673 0.400752 0.0306791 0 0.194361 0.374694 0.906547 0 0.351805 0.836064 -0.420988 0 -343.4 220.333 177.217 1 
-0.263407 0.699237 0.664593 0 -0.647566 -0.638801 0.415442 0 0.715035 -0.320938 0.621067 0 -207.475 254.053 385.886 1 
-0.566065 0.653879 0.502008 0 -0.299501 -0.730482 0.613754 0 0.768029 0.197073 0.609338 0 -317.331 168.827 321.902 1 
0.162911 -0.344217 -0.924649 0 -0.986611 -0.0640952 -0.149967 0 -0.00764418 0.9367 -0.35005 0 28.1317 -146.234 -330.658 1 
0.296139 -0.486634 -0.821882 0 -0.634799 -0.743216 0.211326 0 -0.713675 0.459148 -0.52901 0 -53.4617 -302.292 -286.149 1 
-0.708169 -0.238053 -0.664701 0 -0.0528322 0.956673 -0.286332 0 0.704063 -0.167654 -0.690063 0 -239.869 -7.04389 -254.378 1 
-0.267049 -0.794153 -0.545899 0 -0.914967 0.386774 -0.11507 0 0.302522 0.46875 -0.829912 0 -180.362 -224.854 -208.444 1 
0.3534 0.307161 -0.883607 0 -0.596328 0.801734 0.0401974 0 0.720764 0.512714 0.466501 0 107.528 116.86 -383.315 1 
0.846616 0.526545 0.0774066 0 -0.474391 0.680696 0.558217 0 0.241236 -0.509316 0.826076 0 352.146 332.99 80.7589 1 
0.962232 0.168218 0.214037 0 -0.270253 0.684854 0.676712 0 -0.0327492 -0.708998 0.704449 0 419.528 179.673 191.076 1 
0.951782 -0.277762 0.130228 0 0.0279506 0.501258 0.864846 0 -0.305499 -0.819505 0.484852 0 446.413 -37.1002 195.033 1 
0.741599 0.563588 0.363868 0 -0.666479 0.557205 0.495306 0 0.0763991 -0.609829 0.788842 0 248.045 321.268 295.159 1 
0.943688 0.140332 -0.2996 0 0.301038 0.0113738 0.953544 0 0.13722 -0.990039 -0.0315118 0 425.13 106.849 -70.7911 1 
0.997981 0.0312333 0.0552947 0 -0.0617635 0.679921 0.73068 0 -0.0147744 -0.73262 0.680477 0 460.885 121.471 116.632 1 
0.93256 -0.0885359 -0.349991 0 0.313112 0.680925 0.662044 0 0.179703 -0.726982 0.662725 0 464.146 80.1344 -86.7009 1 
-0.60251 0.793135 0.0889947 0 -0.321137 -0.343002 0.882734 0 0.730652 0.503276 0.461367 0 -339.729 293.696 179.448 1 
0.617403 0.125734 -0.776534 0 -0.283647 0.956321 -0.0706757 0 0.733729 0.263897 0.626099 0 236.575 47.7959 -354.957 1 
0.211983 -0.443595 -0.870797 0 -0.960747 0.0685793 -0.268815 0 0.178964 0.8936 -0.411645 0 53.4548 -166.041 -311.343 1 
-0.286514 0.916745 0.278367 0 -0.620021 -0.398922 0.6756 0 0.730399 0.0209759 0.682698 0 -225.515 378.182 228.797 1 
0.813834 -0.104132 -0.571691 0 -0.187647 -0.978201 -0.0889487 0 -0.549966 0.179666 -0.815633 0 257.087 -154.925 -210.027 1 
-0.233331 -0.238602 -0.94267 0 0.322888 0.895412 -0.306562 0 0.917224 -0.375907 -0.131886 0 -91.272 -81.5092 -344.651 1 
-0.0958198 -0.0219825 -0.995156 0 0.453015 0.889255 -0.0632623 0 0.886339 -0.456882 -0.0752499 0 -51.6307 14.8475 -373.05 1 
-0.127315 -0.556632 -0.820946 0 -0.82528 0.518563 -0.223618 0 0.550185 0.64904 -0.525398 0 -91.9717 -155.811 -301.422 1 
-0.922806 -0.238392 -0.302653 0 -0.377202 0.718934 0.583826 0 0.0784079 0.652919 -0.753358 0 -420.933 20.5304 4.04995 1 
0.440687 0.893234 -0.0890383 0 0.568072 -0.200707 0.79813 0 0.695046 -0.402306 -0.59587 0 269.749 322.438 119.257 1 
0.170249 -0.241205 -0.955424 0 0.764101 0.644549 -0.0265651 0 0.622225 -0.725518 0.294038 0 67.827 -42.717 -386.454 1 
0.0672638 0.672134 0.737368 0 -0.90809 -0.264926 0.324325 0 0.413337 -0.691412 0.592538 0 -23.6297 264.307 432.648 1 
0.648695 0.706727 0.28237 0 -0.696889 0.402502 0.593581 0 0.305845 -0.581833 0.753611 0 228.999 389.725 198.078 1 
-0.529314 0.814367 0.237977 0 -0.566672 -0.548096 0.615202 0 0.631435 0.19078 0.751594 0 -331.159 312.103 189.707 1 
-0.100757 0.806284 0.582884 0 -0.537373 -0.53716 0.650145 0 0.837304 -0.24772 0.487398 0 -102.337 297.303 389.375 1 
0.862431 0.449305 -0.233105 0 -0.432299 0.893365 0.122543 0 0.263307 -0.00491377 0.964699 0 392.755 219.088 -123.888 1 
0.894443 0.122098 -0.430191 0 0.289551 0.574978 0.765219 0 0.340782 -0.809007 0.478931 0 430.459 152.651 -120.428 1 
-0.105305 0.956373 0.272509 0 -0.486301 -0.288556 0.824771 0 0.867423 -0.0456685 0.495471 0 -149.414 376.524 250.251 1 
0.194461 -0.14134 -0.970674 0 -0.13067 0.977012 -0.168441 0 0.972168 0.159593 0.171522 0 48.0854 -51.4478 -376.583 1 
0.808694 -0.52572 0.263878 0 -0.00665777 0.440389 0.897783 0 -0.588191 -0.727789 0.35264 0 368.469 -132.198 263.171 1 
-0.451249 -0.50977 -0.732468 0 -0.716839 0.695928 -0.0427198 0 0.531522 0.505784 -0.67946 0 -213.178 -86.8093 -284.103 1 
-0.283661 -0.317116 -0.904971 0 -0.845391 0.528135 0.079919 0 0.452604 0.787725 -0.417899 0 -201.155 -49.0891 -315.78 1 
0.368679 -0.212595 -0.904919 0 0.23976 -0.918808 0.31354 0 -0.898104 -0.332559 -0.287773 0 136.962 -270.542 -302.962 1 
-0.87045 0.288564 -0.398807 0 0.00901799 0.819374 0.573188 0 0.492174 0.495336 -0.715827 0 -328.195 266.74 -68.2973 1 
-0.183017 0.951232 0.248317 0 -0.970817 -0.214687 0.106882 0 0.15498 -0.221509 0.962764 0 -93.6631 457.831 133.559 1 
0.619753 -0.476377 0.623676 0 0.141878 0.849611 0.507967 0 -0.771866 -0.226328 0.594136 0 294.521 -141.619 388.021 1 
-0.151681 0.70227 0.695564 0 -0.697931 -0.574397 0.427738 0 0.699918 -0.420576 0.577261 0 -120.478 222.849 441.44 1 
0.570079 -0.645929 0.507726 0 -0.303302 0.408871 0.860716 0 -0.763556 -0.644671 0.0371771 0 194.189 -243.234 379.795 1 
0.683957 0.72651 -0.0662266 0 -0.682497 0.669293 0.293674 0 0.257682 -0.155661 0.953609 0 293.17 362.341 -39.9729 1 
0.952605 0.295043 -0.0741197 0 -0.261692 0.919002 0.294876 0 0.155117 -0.261504 0.952656 0 433.985 172.033 -42.8571 1 
0.644538 -0.156249 0.748436 0 -0.764552 -0.138757 0.629449 0 0.00550051 -0.977923 -0.208895 0 97.5992 -153.543 392.974 1 
0.41848 0.604249 0.678054 0 0.630649 -0.730568 0.261824 0 0.653572 0.318046 -0.686797 0 262.437 116.501 285.154 1 
-0.286698 0.506564 0.81314 0 0.543194 0.785103 -0.297578 0 -0.789142 0.356378 -0.50025 0 -18.9826 343.748 278.435 1 
0.0612447 -0.994862 0.0806162 0 0.667221 -0.0192629 -0.744611 0 0.742338 0.0993922 0.662613 0 122.047 -491.169 -18.3985 1 
-0.464125 0.86158 0.205591 0 -0.641114 -0.166601 -0.749144 0 -0.611196 -0.479504 0.629695 0 -316.102 391.14 20.8099 1 
-0.152563 0.988284 -0.00430757 0 -0.565804 -0.0909158 -0.819512 0 -0.810303 -0.12259 0.573045 0 -218.064 459.081 -56.7434 1 
-0.231496 -0.634392 0.737533 0 -0.50511 -0.569548 -0.648443 0 0.831428 -0.522648 -0.18859 0 -183.371 -379.4 197.284 1 
0.694641 -0.0165072 0.719168 0 0.459837 0.778999 -0.426274 0 -0.553194 0.626808 0.548715 0 373.031 173.638 247.816 1 
0.75255 0.616297 0.232049 0 -0.500115 0.305609 0.81024 0 0.428432 -0.725797 0.538205 0 313.874 242.756 76.2538 1 
0.0943487 -0.98428 0.149305 0 0.530528 -0.0771942 -0.844145 0 0.8424 0.158855 0.514905 0 148.706 -483.246 -26.9385 1 
-0.0635002 0.738099 -0.671697 0 -0.434372 0.585517 0.684464 0 0.898492 0.33523 0.28343 0 -66.0021 310.666 -193.556 1 
0.632936 0.766354 -0.109968 0 -0.3311 0.396336 0.856324 0 0.699832 -0.505588 0.504595 0 230.988 397.244 27.3105 1 
-0.991046 0.108881 -0.0772785 0 -0.110672 -0.346118 0.93164 0 0.0746907 0.931851 0.355069 0 -426.226 -0.144582 153.994 1 
0.936696 0.34414 -0.064564 0 0.320184 -0.767229 0.555735 0 0.141716 -0.541227 -0.828849 0 364.457 19.1881 37.0376 1 
-0.689478 -0.698056 0.193229 0 0.72398 -0.656184 0.212781 0 -0.0217393 0.286602 0.957803 0 -264.247 -390.558 88.541 1 
-0.664526 -0.158192 0.730329 0 -0.110111 -0.945938 -0.305084 0 0.739108 -0.283154 0.611182 0 -317.517 -215.446 310.931 1 
-0.565958 0.766126 -0.304537 0 -0.771355 -0.361669 0.523648 0 0.291038 0.531269 0.795644 0 -254.41 303.445 -134.221 1 
-0.579734 -0.405841 0.706542 0 0.50535 -0.859297 -0.0789323 0 0.639163 0.311291 0.703256 0 -152.842 -309.786 356.227 1 
-0.216839 -0.715438 -0.664176 0 -0.950544 0.309716 -0.0232889 0 0.222368 0.626279 -0.747213 0 -151.128 -205.757 -233.839 1 
-0.538216 -0.309151 -0.784059 0 -0.668877 0.722674 0.174201 0 0.512765 0.618197 -0.595739 0 -263.857 33.7116 -283.249 1 
0.85431 0.518217 0.0400732 0 -0.48433 0.76572 0.4232 0 0.188625 -0.380953 0.90515 0 386.895 274.998 26.0588 1 
-0.197557 0.231773 -0.952498 0 0.951245 0.2801 -0.12914 0 0.236863 -0.931572 -0.275808 0 -52.2099 108.505 -335.896 1 
-0.144047 -0.51188 -0.846894 0 0.59038 0.642373 -0.48868 0 0.794167 -0.570382 0.209672 0 -54.1799 -195.221 -321.612 1 
-0.207823 -0.528028 -0.823405 0 -0.319233 0.832305 -0.453164 0 0.924608 0.168681 -0.341536 0 -55.1802 -158.471 -317.376 1 
-0.431985 -0.406249 -0.805202 0 0.11888 0.859364 -0.497354 0 0.894012 -0.310572 -0.322937 0 -118.347 -119.42 -316.112 1 
-0.585621 -0.181359 -0.790036 0 -0.0805867 0.982847 -0.165885 0 0.806569 -0.0334793 -0.590191 0 -183.182 23.0663 -317.941 1 
0.849624 -0.401573 0.341876 0 0.305323 0.903091 0.302002 0 -0.430021 -0.152206 0.889896 0 421.572 -166.582 200.362 1 
0.491374 -0.780543 0.386399 0 0.672233 0.621976 0.401556 0 -0.553763 0.0624357 0.83033 0 258.822 -356.945 232.292 1 
0.596812 -0.67158 0.439084 0 0.612575 0.734796 0.291248 0 -0.518234 0.0951517 0.849929 0 318.374 -287.025 253.938 1 
0.832821 -0.38423 0.398468 0 0.0986816 0.811376 0.576134 0 -0.544675 -0.440495 0.713647 0 403.109 -128.279 269.936 1 
0.634013 -0.642324 0.430637 0 0.29277 0.714785 0.635113 0 -0.715761 -0.276593 0.641236 0 305.023 -257.828 312.977 1 
-0.0786467 0.987443 -0.13701 0 -0.99566 -0.0709449 0.0602245 0 0.0497481 0.141152 0.988737 0 -30.7147 457.977 -68.6581 1 
0.563518 -0.82139 0.088127 0 0.820591 0.568866 0.0549605 0 -0.0952765 0.041345 0.994592 0 269.435 -392.684 47.4802 1 
0.800072 -0.577558 -0.162209 0 0.552312 0.603615 0.574979 0 -0.234172 -0.549614 0.801927 0 440.293 -193.639 -3.35969 1 
0.398389 -0.914836 0.0660375 0 0.545963 0.294375 0.78439 0 -0.737028 -0.276439 0.616742 0 247.671 -395.73 147.994 1 
0.950678 -0.289731 -0.110761 0 0.287713 0.69025 0.663909 0 -0.115903 -0.663031 0.739565 0 462.164 -40.8428 92.8756 1 
-0.0438436 -0.553726 -0.831544 0 -0.373401 0.781103 -0.500449 0 0.926634 0.288558 -0.241008 0 -9.03688 -175.383 -317.969 1 
0.839678 -0.382473 0.385558 0 -0.381589 0.0896547 0.919973 0 -0.386432 -0.919607 -0.0706666 0 223.186 -205.738 286.119 1 
-0.395272 0.635525 0.663225 0 0.758252 -0.18179 0.626104 0 0.518473 0.750373 -0.410032 0 -11.1383 262.233 330.727 1 
-0.904093 -0.334019 -0.266546 0 -0.00974177 -0.607467 0.794285 0 -0.427225 0.720704 0.545953 0 -364.119 -106.665 -132.038 1 
-0.990869 -0.0272324 -0.132046 0 -0.0385733 -0.88119 0.471185 0 -0.129189 0.471977 0.872094 0 -460.017 -68.4038 -37.6764 1 
-0.114456 0.601144 -0.790902 0 -0.292079 0.740583 0.605167 0 0.949521 0.300271 0.0908172 0 -118.551 269.095 -277.137 1 
-0.115654 -0.748934 0.652474 0 0.836284 0.281023 0.470803 0 -0.53596 0.600104 0.59382 0 -179.35 -437.144 142.322 1 
-0.62282 -0.0848086 0.777755 0 -0.772253 0.225956 -0.593775 0 -0.125381 -0.970439 -0.206224 0 -242.898 -5.62491 307.234 1 
0.0798494 -0.711711 0.697919 0 -0.638069 -0.574409 -0.512759 0 0.765827 -0.404377 -0.499987 0 45.764 -246.232 262.791 1 
-0.529682 -0.127136 0.838614 0 0.595945 -0.759326 0.261293 0 0.603561 0.63817 0.477967 0 -399.581 21.1391 275.322 1 
-0.233572 0.970454 -0.0605171 0 -0.943268 -0.211044 0.256333 0 0.235988 0.116956 0.964692 0 -35.5234 481.817 -126.935 1 
-0.955481 0.253888 -0.150325 0 -0.268353 -0.959558 0.0850552 0 -0.122651 0.121609 0.984971 0 -428.293 201.027 -151.774 1 
0.658245 -0.627723 -0.415546 0 0.737306 0.649006 0.187542 0 0.151967 -0.429832 0.890028 0 258.132 -349.941 -246.297 1 
0.363762 -0.772511 -0.520485 0 0.872164 0.478689 -0.100931 0 0.327121 -0.417233 0.847885 0 121.012 -381.759 -272.224 1 
0.471107 -0.714857 -0.516757 0 0.676667 0.668701 -0.308158 0 0.565845 -0.204497 0.79875 0 174.04 -357.1 -264.213 1 
-0.802996 0.155398 0.575368 0 -0.0346024 -0.975936 0.215293 0 0.594979 0.152971 0.78905 0 -410.793 227.353 144.821 1 
-0.837982 0.0562527 0.542791 0 0.0881386 -0.967661 0.236356 0 0.538533 0.245903 0.805924 0 -444.489 172.869 127.755 1 
-0.59568 -0.631027 0.496961 0 0.801144 -0.51124 0.31113 0 0.057735 0.583471 0.810079 0 -400.951 -266.552 101.038 1 
0.866346 -0.48894 0.101899 0 0.452806 0.855012 0.252827 0 -0.210742 -0.172895 0.96213 0 364.53 -350.566 -59.9097 1 
0.469181 -0.873519 -0.129741 0 0.882932 0.466884 0.0495043 0 0.0173311 -0.137779 0.990311 0 147.026 -450.37 -141.495 1 
-0.73855 -0.237487 0.630987 0 0.0114988 -0.940207 -0.34041 0 0.674101 -0.244154 0.69712 0 -399.868 -10.2201 245.258 1 
0.411596 0.0054359 0.91135 0 0.89167 0.204372 -0.403927 0 -0.18845 0.978878 0.0792715 0 128.902 -101.498 364.499 1 
0.438176 0.736858 0.514823 0 0.830556 -0.112851 -0.545382 0 -0.34377 0.666563 -0.66145 0 90.6301 236.963 256.251 1 
-0.915586 -0.358802 0.181557 0 0.317436 -0.367742 0.874071 0 -0.246852 0.85792 0.450596 0 -374.323 -167.683 45.214 1 
-0.930049 -0.296516 0.216997 0 0.167045 -0.867223 -0.469064 0 0.327269 -0.400004 0.856091 0 -420.794 -223.023 108.54 1 
0.314574 0.948347 -0.0409988 0 -0.936606 0.317121 0.14901 0 0.154315 -0.00847498 0.987985 0 165.645 439.953 -21.991 1 
-0.52691 -0.848783 -0.0439698 0 0.67573 -0.38698 -0.627404 0 0.515514 -0.360297 0.777452 0 -117.822 -472.69 -29.7076 1 
0.277385 0.869725 -0.408211 0 -0.952167 0.305553 0.00399239 0 0.128202 0.387578 0.912879 0 -6.7675 433.828 -154.512 1 
-0.627037 -0.559723 0.541788 0 0.761243 -0.292669 0.578666 0 -0.165328 0.775277 0.6096 0 -437.048 -219.624 95.3627 1 
-0.751204 -0.318592 0.578093 0 0.590074 -0.716626 0.371834 0 0.295813 0.620441 0.726325 0 -449.309 -53.8163 148.497 1 
-0.947812 -0.201061 -0.247439 0 0.0690637 -0.887136 0.45631 0 -0.311258 0.415408 0.854725 0 -466.832 36.1385 -250.907 1 
-0.826066 -0.43454 -0.358874 0 0.132213 -0.768435 0.626121 0 -0.547846 0.46977 0.692229 0 -422.639 -153.968 -290.471 1 
-0.712341 -0.292002 -0.638204 0 0.328148 -0.942394 0.0649127 0 -0.620394 -0.163185 0.767126 0 -364.354 -64.9202 -370.289 1 
-0.752565 -0.318712 -0.576253 0 0.342006 -0.936969 0.0715689 0 -0.562741 -0.143222 0.814131 0 -387.03 -84.848 -338.982 1 
-0.965529 0.0162136 -0.25979 0 -0.0154242 -0.999868 -0.005077 0 -0.259838 -0.000894962 0.965652 0 -471.035 84.8531 -180.834 1 
-0.510942 -0.741229 -0.435337 0 0.741764 -0.636109 0.212489 0 -0.434425 -0.214348 0.874832 0 -251.867 -321.705 -269.222 1 
-0.441234 -0.462086 -0.769278 0 0.625163 -0.773275 0.105913 0 -0.643804 -0.434191 0.630075 0 -256.323 -225.578 -382.005 1 
-0.238239 -0.80678 0.540691 0 0.933723 -0.0370944 0.356068 0 -0.267212 0.589686 0.762147 0 -161.232 -404.174 155.711 1 
0.896524 -0.122176 0.425814 0 0.137837 0.990437 -0.00602651 0 -0.421006 0.0640958 0.90479 0 451.339 -160.63 152.823 1 
-0.667116 -0.258292 -0.698743 0 -0.336779 -0.732078 0.592149 0 -0.664482 0.630354 0.401394 0 -153.044 -27.3156 -449.262 1 
0.291086 0.822565 -0.488523 0 0.251774 0.426771 0.868606 0 0.922973 -0.375837 -0.0828732 0 -21.922 274.712 -337.669 1 
-0.931456 0.0916727 0.352117 0 -0.0773011 0.895791 -0.437702 0 -0.355548 -0.434919 -0.827303 0 -320.173 51.4594 85.7225 1 
0.74107 0.0861808 0.665874 0 0.514415 0.56447 -0.645563 0 -0.431501 0.820943 0.373979 0 285.03 -10.5561 291.87 1 
-0.533206 -0.801019 -0.272139 0 0.8404 -0.464627 -0.279015 0 0.0970537 -0.377478 0.920918 0 -205.672 -395.375 -150.529 1 
0.466708 -0.816112 -0.340799 0 0.777472 0.562271 -0.28176 0 0.421569 -0.133462 0.896921 0 276.194 -331.951 -183.053 1 
-0.906979 -0.401226 -0.128087 0 0.391809 -0.692207 -0.606082 0 0.154513 -0.599889 0.785022 0 -372.512 -230.584 -124.493 1 
-0.672964 -0.681374 -0.287837 0 0.712267 -0.492 -0.500612 0 0.199488 -0.54191 0.816418 0 -240.377 -344.764 -185.78 1 
-0.598253 0.0164444 -0.801139 0 0.704544 0.487068 -0.516123 0 0.381722 -0.873209 -0.302976 0 -114.984 70.2401 -377.271 1 
0.44455 -0.888898 0.11061 0 0.687231 0.259252 -0.678603 0 0.574533 0.377688 0.726129 0 172.901 -373.974 -16.8449 1 
0.78546 0.557878 -0.268001 0 -0.617343 0.737025 -0.275104 0 0.0440491 0.381532 0.923305 0 264.873 298.051 -189.121 1 
-0.0969677 0.993727 -0.0557174 0 0.103103 0.0657094 0.992498 0 0.989933 0.0904956 -0.108828 0 -63.1433 398.366 4.50803 1 
-0.392265 -0.357449 0.84756 0 0.406236 0.759366 0.508267 0 -0.825288 0.543685 -0.152665 0 -130.174 -137.442 306.679 1 
0.757702 0.194844 -0.622835 0 0.625596 -0.488569 0.608219 0 -0.18579 -0.850492 -0.492083 0 353.598 -49.1068 -165.203 1 
-0.73728 0.551731 -0.389886 0 0.465108 0.833092 0.299388 0 0.489992 0.0393932 -0.870837 0 -213.078 229.687 -126.437 1 
-0.79379 -0.183927 -0.579714 0 -0.58831 0.473932 0.655195 0 0.154237 0.861139 -0.484408 0 -351.041 44.5086 -149.255 1 
0.09717 0.413679 -0.905223 0 -0.758321 0.61984 0.20186 0 0.644598 0.666835 0.373931 0 54.8323 118.4 -384.964 1 
-0.313757 0.945147 0.0908529 0 -0.946943 -0.318497 0.0431051 0 0.069677 -0.072508 0.994931 0 -177.239 438.78 52.1202 1 
0.874504 0.361515 0.323341 0 -0.43916 0.873158 0.211503 0 -0.205866 -0.326958 0.922343 0 374.296 228.525 188.021 1 
0.0377914 0.997567 0.0585819 0 -0.902939 0.0592041 -0.425673 0 -0.428106 -0.036809 0.902979 0 -125.943 467.295 68.7762 1 
-0.522096 0.644959 0.558072 0 -0.082125 -0.68931 0.719797 0 0.848924 0.329971 0.412853 0 -234.347 190.443 328.141 1 
0.185137 0.546243 -0.81691 0 -0.883883 0.45588 0.104518 0 0.429505 0.702703 0.567216 0 34.9263 228.583 -363.415 1 
-0.755997 0.602056 -0.256899 0 0.519442 0.790607 0.324224 0 0.398307 0.111668 -0.91043 0 -207.112 263.781 -82.0142 1 
-0.711729 -0.642492 -0.283982 0 0.67367 -0.50976 -0.535083 0 0.199024 -0.572144 0.795639 0 -323.747 -378.266 -97.3772 1 
-0.593091 -0.786784 0.17092 0 0.624828 -0.583662 -0.518583 0 0.507772 -0.200771 0.83777 0 -183.033 -443.284 79.7379 1 
0.667561 0.743686 -0.0359536 0 -0.686848 0.596464 -0.415296 0 -0.287405 0.30193 0.908976 0 224.672 434.766 4.24545 1 
-0.934408 0.333416 -0.125358 0 -0.223097 -0.273445 0.935658 0 0.277685 0.902254 0.329893 0 -389.175 157.898 -60.0758 1 
-0.425175 0.802871 0.41788 0 0.740291 0.0428333 0.67092 0 0.520764 0.594611 -0.61257 0 -160.17 273.641 125.766 1 
-0.0129584 0.691299 0.722453 0 0.978309 -0.140624 0.152108 0 0.206746 0.708753 -0.674481 0 95.0432 226.663 281.651 1 
-0.085182 0.573068 0.815069 0 0.919288 0.360689 -0.157523 0 -0.384258 0.735864 -0.557539 0 79.888 241.862 291.875 1 
-0.602645 -0.7771 0.181475 0 0.34889 -0.0520495 0.935717 0 -0.7177 0.62722 0.30249 0 -247.247 -324.891 7.4438 1 
-0.0342437 0.798984 0.600377 0 -0.917555 -0.263242 0.297988 0 0.396132 -0.540675 0.742125 0 -91.1136 348.467 270.467 1 
0.125948 0.679794 0.722508 0 0.456171 -0.686427 0.566326 0 0.880934 0.25826 -0.396557 0 55.632 191.057 293.93 1 
0.61498 -0.564954 0.550114 0 -0.64086 0.0483995 0.766131 0 -0.459454 -0.823701 -0.332292 0 177.598 -180.008 291.741 1 
-0.381762 -0.891187 0.245036 0 0.899903 -0.297938 0.318444 0 -0.210787 0.342079 0.915724 0 -217.375 -424.018 137.823 1 
0.897686 0.140136 0.417757 0 -0.111634 0.989478 -0.0920375 0 -0.426259 0.0359849 0.903885 0 485.543 -114.316 185.707 1 
