-0.922483 -0.045509 0.383345 0.045509 0.973282 0.225058 -0.383345 0.225058 -0.895765 -301.793260 -14.888528 125.412655 
-0.933741 -0.045617 0.355030 0.045617 0.968594 0.244429 -0.355029 0.244429 -0.902335 -306.965281 -14.996540 116.715121 
0.919706 0.040388 -0.390525 -0.040388 -0.979685 -0.196434 -0.390525 0.196434 -0.899391 301.404902 13.235841 -127.982385 
-0.948692 -0.035295 0.314226 0.035295 0.975720 0.216158 -0.314226 0.216158 -0.924412 -311.951983 -11.605942 103.324906 
0.978661 -0.045558 0.200367 0.045558 -0.902735 -0.427777 0.200367 0.427777 -0.881397 321.539225 -14.968001 65.830529 
-0.928650 -0.066078 0.365024 0.066078 0.938805 0.338053 -0.365023 0.338053 -0.867455 -301.895802 -21.481304 118.665826 
-0.884766 0.030018 0.465068 -0.030018 0.992181 -0.121148 -0.465068 -0.121148 -0.876946 -288.456134 9.786610 151.623936 
-0.974971 -0.041452 -0.218434 0.041452 0.931350 -0.361759 0.218434 -0.361759 -0.906320 -317.833301 -13.512979 -71.207757 
-0.836058 -0.541501 0.088227 0.469936 -0.789790 -0.394199 0.283140 -0.288112 0.914780 -382.779927 -248.663215 8.008477 
-0.944502 -0.050870 0.324542 0.050870 0.953371 0.297482 -0.324542 0.297482 -0.897874 -306.158324 -16.489469 105.199487 
-0.987249 -0.034948 0.155302 0.034948 0.904217 0.425641 -0.155302 0.425641 -0.891465 -320.354209 -11.340354 50.394257 
-0.904216 -0.011206 0.426928 0.011206 0.998689 0.049946 -0.426928 0.049946 -0.902905 -295.020284 -3.656117 139.294684 
0.956485 -0.043827 0.288472 0.043827 -0.955860 -0.290536 0.288472 0.290536 -0.912345 312.516812 -14.319669 94.253887 
0.013362 -0.748574 0.662917 -0.999903 -0.007355 0.011849 -0.003994 -0.663011 -0.748599 82.800688 -239.313894 238.569686 
-0.986183 -0.032909 0.162356 0.032909 0.921618 0.386701 -0.162356 0.386701 -0.907801 -322.340620 -10.756482 53.067113 
-0.436721 0.832876 0.339989 -0.886324 -0.463047 -0.004165 0.153962 -0.303159 0.940420 -228.409906 358.512856 179.960318 
-0.952755 -0.057191 0.298308 0.057191 0.930769 0.361106 -0.298308 0.361106 -0.883524 -311.758213 -18.713968 97.611605 
-0.889593 -0.012313 -0.456588 0.012313 0.998627 -0.050921 0.456588 -0.050921 -0.888220 -291.512586 -4.034941 -149.620303 
0.553460 -0.613016 -0.563820 -0.637711 -0.747342 0.186559 -0.535731 0.256301 -0.804551 157.730398 -230.444583 -190.441189 
-0.917044 0.052224 -0.395351 -0.052224 0.967123 0.248888 0.395351 0.248888 -0.884167 -300.752017 17.127186 -129.658622 
-0.933656 -0.017008 0.357767 0.017008 0.995640 0.091716 -0.357767 0.091716 -0.929296 -299.921037 -5.463460 114.926477 
-0.912224 -0.002265 0.409685 0.002263 0.999942 0.010567 -0.409685 0.010567 -0.912166 -294.257738 -0.730748 132.152788 
-0.939879 -0.032209 0.339985 0.032209 0.982745 0.182141 -0.339985 0.182141 -0.922624 -303.390022 -10.396874 109.746082 
-0.958682 -0.038653 0.281843 0.038653 0.963840 0.263663 -0.281843 0.263664 -0.922522 -309.846590 -12.492691 91.091723 
-0.958682 -0.038653 0.281843 0.038653 0.963840 0.263663 -0.281843 0.263664 -0.922522 -309.846590 -12.492691 91.091723 
-0.940874 -0.044635 0.335803 0.044635 0.966304 0.253504 -0.335803 0.253504 -0.907178 -304.623861 -14.451378 108.721756 
-0.966731 -0.046322 0.251568 0.046322 0.935505 0.350265 -0.251568 0.350265 -0.902235 -314.053687 -15.048269 81.724762 
-0.934129 -0.038916 0.354807 0.038916 0.977008 0.209620 -0.354807 0.209620 -0.911138 -303.897997 -12.660559 115.428452 
0.767914 0.294500 -0.568839 0.553982 0.140486 0.820590 0.321578 -0.945269 -0.055266 411.560208 126.826908 -172.133221 
-0.939122 0.052256 -0.339587 -0.052256 0.955145 0.291491 0.339587 0.291491 -0.894267 -307.520231 17.111429 -111.199603 
-0.870806 -0.025957 -0.490941 0.025958 0.994785 -0.098639 0.490941 -0.098639 -0.865591 -286.073957 -8.527324 -161.282264 
0.700386 0.575898 -0.421664 -0.404397 -0.166624 -0.899277 -0.588151 0.800361 0.116190 331.725031 209.288484 -89.315016 
0.903139 -0.032905 0.428086 0.032905 -0.988822 -0.145427 0.428086 0.145427 -0.891960 295.508509 -10.766644 140.070581 
-0.953271 0.301995 -0.008569 -0.300654 -0.951061 -0.071344 -0.029695 -0.065434 0.997415 -449.682613 134.856723 8.719981 
-0.317236 -0.939986 0.125648 0.628697 -0.307647 -0.714208 0.710001 -0.147578 0.688563 -90.738224 -433.978579 15.029246 
0.903139 -0.032905 0.428086 0.032905 -0.988822 -0.145427 0.428086 0.145427 -0.891960 295.508509 -10.766644 140.070581 
-0.953271 0.301995 -0.008569 -0.300654 -0.951061 -0.071344 -0.029695 -0.065434 0.997415 -449.682613 134.856723 8.719981 
-0.317236 -0.939986 0.125648 0.628697 -0.307647 -0.714208 0.710001 -0.147578 0.688563 -90.738224 -433.978579 15.029246 
-0.870806 -0.025957 -0.490941 0.025958 0.994785 -0.098639 0.490941 -0.098639 -0.865591 -286.073957 -8.527324 -161.282264 
0.700386 0.575898 -0.421664 -0.404397 -0.166624 -0.899277 -0.588151 0.800361 0.116190 331.725031 209.288484 -89.315016 
-0.999883 -0.002750 0.015079 0.002750 0.935626 0.352982 -0.015079 0.352982 -0.935509 -321.530896 -0.884315 4.849063 
-0.965774 0.251941 0.061700 0.227728 0.709685 0.666699 0.124181 0.657931 -0.742769 -324.387283 62.044568 55.003345 
-0.970519 -0.048024 0.236194 0.048024 0.921772 0.384747 -0.236194 0.384747 -0.892291 -310.469641 -15.362805 75.558652 
-0.965774 0.251941 0.061700 0.227728 0.709685 0.666699 0.124181 0.657931 -0.742769 -324.387283 62.044568 55.003345 
-0.970519 -0.048024 0.236194 0.048024 0.921772 0.384747 -0.236194 0.384747 -0.892291 -310.469641 -15.362805 75.558652 
-0.902565 -0.016233 0.430248 0.016233 0.997296 0.071680 -0.430248 0.071680 -0.899860 -289.662341 -5.209689 138.080717 
-0.939490 -0.342506 -0.006972 0.340828 -0.936555 0.081861 -0.034567 0.074532 0.996619 -436.758564 -159.982661 -17.628376 
-0.949672 -0.036552 0.311106 0.036552 0.973453 0.225946 -0.311106 0.225946 -0.923126 -305.309891 -11.750986 100.017587 
-0.969291 -0.030055 0.244072 0.030055 0.970585 0.238875 -0.244072 0.238875 -0.939876 -312.492866 -9.689465 78.687221 
-0.981110 -0.034493 0.190350 0.034493 0.937015 0.347583 -0.190350 0.347583 -0.918125 -317.061671 -11.147053 61.514790 
-0.932578 -0.356670 0.055540 0.358639 -0.932978 0.030493 0.040941 0.048356 0.997991 -432.110447 -175.911287 31.845776 
-0.799219 0.484619 -0.355517 0.273101 0.819725 0.503455 0.535410 0.305279 -0.787490 -260.569152 187.204109 -96.345401 
-0.963295 0.052131 -0.263334 -0.052131 0.925959 0.374009 0.263334 0.374009 -0.889254 -312.927191 16.934954 -85.544331 
-0.799219 0.484619 -0.355517 0.273101 0.819725 0.503455 0.535410 0.305279 -0.787490 -260.569152 187.204109 -96.345401 
-0.963295 0.052131 -0.263334 -0.052131 0.925959 0.374009 0.263334 0.374009 -0.889254 -312.927191 16.934954 -85.544331 
-0.985662 -0.032396 0.165593 0.032396 0.926805 0.374144 -0.165593 0.374144 -0.912467 -320.506263 -10.534053 53.845750 
-0.878064 0.027572 -0.477748 -0.027572 0.993766 0.108029 0.477748 0.108029 -0.871829 -288.309316 9.053251 -156.866927 
-0.943346 0.065214 -0.325340 -0.065214 0.924933 0.374495 0.325339 0.374495 -0.868278 -308.260729 21.310248 -106.312460 
-0.943346 0.065214 -0.325340 -0.065214 0.924933 0.374495 0.325339 0.374495 -0.868278 -308.260729 21.310248 -106.312460 
-0.916141 0.067597 -0.395116 -0.067596 0.945512 0.318492 0.395116 0.318492 -0.861653 -300.616632 22.180719 -129.650687 
0.966218 0.193784 -0.169910 -0.133016 0.939640 0.315252 0.220745 -0.282001 0.933674 431.945636 125.180255 -74.270768 
-0.965737 -0.029516 0.257840 0.029516 0.974573 0.222118 -0.257840 0.222118 -0.940310 -308.756228 -9.436673 82.434297 
-0.131749 0.971424 0.197430 -0.919768 -0.194072 0.341122 0.369689 -0.136647 0.919053 -83.527171 445.541521 54.859507 
0.938989 0.007514 0.343864 -0.007514 -0.999075 0.042350 0.343864 -0.042349 -0.938064 301.037117 2.409060 110.241834 
0.938989 0.007514 0.343864 -0.007514 -0.999075 0.042350 0.343864 -0.042349 -0.938064 301.037117 2.409060 110.241834 
-0.999905 -0.002240 0.013582 0.002240 0.947043 0.321099 -0.013582 0.321099 -0.946948 -319.545740 -0.715837 4.340533 
-0.947025 -0.037082 0.319011 0.037081 0.974044 0.223303 -0.319011 0.223303 -0.921069 -305.943359 -11.979464 103.058898 
-0.518946 0.854668 0.015394 -0.853251 -0.516832 -0.069623 -0.051549 -0.049265 0.997455 -283.991770 359.245085 57.126203 
-0.341953 0.939471 0.021500 -0.939204 -0.342433 0.025217 0.031053 -0.011570 0.999451 -212.706667 403.291701 60.938997 
-0.992344 -0.020784 0.121745 0.020784 0.943579 0.330495 -0.121745 0.330495 -0.935923 -319.288127 -6.687265 39.171691 
-0.983622 -0.028758 0.177937 0.028758 0.949504 0.312434 -0.177937 0.312433 -0.933126 -316.611794 -9.256857 57.275001 
-0.948645 0.037382 -0.314126 -0.037382 0.972789 0.228658 0.314126 0.228658 -0.921434 -307.291296 12.109084 -101.753619 
-0.381194 0.845412 -0.374126 -0.785004 -0.509745 -0.352035 -0.488323 0.159497 0.857963 -105.441208 430.731183 -146.684993 
-0.980992 0.029317 -0.191821 -0.029317 0.954782 0.295858 0.191821 0.295858 -0.935774 -316.593394 9.461528 -61.905954 
-0.552103 0.827313 -0.103612 0.733258 0.540932 0.411977 0.396881 0.151479 -0.905284 -158.428558 286.052486 -25.453470 
-0.980992 0.029317 -0.191821 -0.029317 0.954782 0.295858 0.191821 0.295858 -0.935774 -316.593394 9.461528 -61.905954 
-0.552103 0.827313 -0.103612 0.733258 0.540932 0.411977 0.396881 0.151479 -0.905284 -158.428558 286.052486 -25.453470 
-0.967122 -0.045730 0.250166 0.045730 0.936394 0.347959 -0.250166 0.347959 -0.903516 -313.385013 -14.818243 81.063450 
-0.999850 -0.004478 0.016704 0.004478 0.865927 0.500150 -0.016704 0.500150 -0.865778 -326.544533 -1.462449 5.455529 
-0.790271 0.066494 -0.609139 -0.611871 -0.139074 0.778635 -0.032941 0.988047 0.150592 -264.972252 2.492578 -314.876964 
-0.251091 0.653407 0.714152 -0.891408 -0.443659 0.092508 0.377285 -0.613373 0.693851 -167.825171 249.201804 334.601558 
-0.173719 0.876416 -0.449129 -0.839503 0.106631 0.532788 0.514836 0.469601 0.717230 -36.593560 362.541875 -254.772171 
-0.960648 0.068716 -0.269135 -0.068717 0.880008 0.469962 0.269135 0.469963 -0.840655 -315.071262 22.537456 -88.270485 
-0.910616 0.069788 -0.407318 -0.069787 0.945513 0.318019 0.407318 0.318018 -0.856129 -297.379780 22.790507 -133.017652 
-0.617403 -0.036041 -0.785821 -0.710018 -0.404522 0.576400 -0.338656 0.913818 0.224164 -203.872404 -36.520152 -347.331964 
-0.910616 0.069788 -0.407318 -0.069787 0.945513 0.318019 0.407318 0.318018 -0.856129 -297.379780 22.790507 -133.017652 
-0.617403 -0.036041 -0.785821 -0.710018 -0.404522 0.576400 -0.338656 0.913818 0.224164 -203.872404 -36.520152 -347.331964 
-0.984553 -0.020478 0.173887 0.020478 0.972853 0.230517 -0.173887 0.230517 -0.957406 -313.455395 -6.519664 55.361067 
-0.999365 0.005499 -0.035205 -0.005499 0.952378 0.304871 0.035205 0.304871 -0.951743 -319.537799 1.758320 -11.256619 
-0.989204 -0.021359 0.144975 0.021359 0.957738 0.286846 -0.144975 0.286846 -0.946943 -315.929625 -6.821700 46.301788 
-0.962233 -0.013510 -0.271892 0.013510 0.995167 -0.097260 0.271892 -0.097260 -0.957400 -306.402262 -4.301941 -86.577984 
-0.668565 0.710003 -0.221171 0.553981 0.673919 0.488814 0.496111 0.204279 -0.843886 -229.738984 223.446599 -62.053651 
-0.998481 -0.008966 0.054356 0.008966 0.947068 0.320907 -0.054356 0.320907 -0.945550 -320.952742 -2.881960 17.472358 
-0.189518 0.971421 0.142914 -0.950187 -0.218129 0.222629 0.247440 -0.093603 0.964371 -109.373702 444.899505 49.642330 
-0.998171 -0.009759 0.059662 0.009759 0.947936 0.318313 -0.059662 0.318313 -0.946106 -319.700702 -3.125531 19.108964 
0.373020 0.895201 -0.243867 -0.877350 0.425835 0.221180 0.301848 0.131452 0.944250 166.325942 409.378844 -135.211572 
-0.978769 0.032043 -0.202449 -0.032044 0.951640 0.305540 0.202449 0.305540 -0.930408 -316.342789 10.356385 -65.432647 
-0.976411 0.053463 -0.209198 -0.053463 0.878831 0.474128 0.209198 0.474128 -0.855242 -317.540845 17.386738 -68.033806 
-0.983429 0.068981 -0.167660 -0.080067 0.664456 0.743026 0.162657 0.744137 -0.647922 -337.244508 19.485562 -27.750106 
0.672201 -0.374616 0.638599 0.106091 -0.804902 -0.583846 0.732728 0.460212 -0.501313 213.658743 -71.484217 277.587608 
-0.993911 0.023089 0.107744 -0.023089 0.912458 -0.408517 -0.107744 -0.408517 -0.906369 -321.887450 7.477464 34.893958 
0.672201 -0.374616 0.638599 0.106091 -0.804902 -0.583846 0.732728 0.460212 -0.501313 213.658743 -71.484217 277.587608 
-0.993911 0.023089 0.107744 -0.023089 0.912458 -0.408517 -0.107744 -0.408517 -0.906369 -321.887450 7.477464 34.893958 
-0.982172 0.055974 -0.179457 -0.055974 0.824260 0.563438 0.179457 0.563438 -0.806432 -322.337390 18.369913 -58.895596 
-0.811629 0.028917 -0.583457 -0.028917 0.995561 0.089566 0.583457 0.089566 -0.807190 -266.318150 9.488388 -191.448704 
-0.839834 -0.307091 -0.447632 -0.409358 0.899841 0.150704 0.356518 0.309808 -0.881427 -271.138406 -94.098411 -154.344326 
-0.995578 0.025954 -0.090280 -0.025954 0.847666 0.529896 0.090280 0.529896 -0.843244 -325.104730 8.475104 -29.480770 
-0.994883 0.015884 0.099774 -0.015884 0.950692 -0.309730 -0.099774 -0.309730 -0.945575 -317.436952 5.067972 31.834852 
-0.602718 -0.636063 0.481825 0.260667 -0.727642 -0.634500 0.754178 -0.256829 0.604363 -274.072465 -299.203055 126.401400 
-0.994883 0.015884 0.099774 -0.015884 0.950692 -0.309730 -0.099774 -0.309730 -0.945575 -317.436952 5.067972 31.834852 
-0.602718 -0.636063 0.481825 0.260667 -0.727642 -0.634500 0.754178 -0.256829 0.604363 -274.072465 -299.203055 126.401400 
-0.981488 -0.024790 0.189914 0.024790 0.966804 0.254312 -0.189914 0.254312 -0.948292 -312.161505 -7.884338 60.401919 
0.899163 0.341162 0.274069 -0.437411 0.719700 0.539169 -0.013303 -0.604682 0.796356 364.785218 216.589442 141.999319 
0.976375 -0.033896 -0.213406 0.033896 -0.951367 0.306188 -0.213406 -0.306188 -0.927743 313.503390 -10.883532 -68.522164 
0.990737 0.023425 -0.133756 -0.023425 -0.940759 -0.338265 -0.133756 0.338265 -0.931497 317.413505 7.504848 -42.852763 
-0.981964 -0.027019 0.187126 0.027019 0.959523 0.280331 -0.187126 0.280331 -0.941487 -314.515324 -8.653998 59.934810 
-0.941061 0.044406 0.335309 -0.044406 0.966543 -0.252630 -0.335309 -0.252630 -0.907604 -303.760240 14.333606 108.232571 
-0.589714 -0.800176 0.109338 0.332574 -0.363981 -0.870007 0.735956 -0.476692 0.480763 -275.818425 -342.674324 -1.949329 
-0.997091 -0.011796 0.075300 0.011796 0.952167 0.305351 -0.075300 0.305351 -0.949258 -321.094415 -3.798604 24.249013 
-0.993046 0.031753 -0.113362 -0.031753 0.855008 0.517642 0.113362 0.517642 -0.848054 -323.119389 10.331809 -36.885941 
-0.999992 0.001066 -0.003869 -0.001066 0.858951 0.512057 0.003869 0.512057 -0.858943 -324.357394 0.345679 -1.255039 
-0.971110 0.071661 -0.227617 -0.071661 0.822247 0.564602 0.227617 0.564602 -0.793357 -318.771831 23.522994 -74.716494 
-0.975598 0.037643 -0.216311 -0.037643 0.941930 0.333692 0.216311 0.333692 -0.917529 -311.704254 12.026953 -69.111581 
-0.503090 0.818168 -0.278393 -0.798066 -0.316193 0.512944 0.331649 0.480233 0.812026 -205.018345 356.051167 -178.778301 
-0.996298 -0.017171 0.084239 0.017171 0.920364 0.390687 -0.084239 0.390687 -0.916661 -316.944131 -5.462483 26.798258 
-0.999430 0.006487 -0.033140 -0.006487 0.926217 0.376935 0.033140 0.376935 -0.925647 -319.026030 2.070676 -10.578531 
-0.951976 0.046746 -0.302583 -0.046747 0.954497 0.294533 0.302583 0.294533 -0.906473 -305.319522 14.992549 -97.044948 
-0.959463 0.063094 -0.274682 -0.063094 0.901798 0.427527 0.274682 0.427526 -0.861261 -310.148538 20.395161 -88.791459 
-0.959463 0.063094 -0.274682 -0.063094 0.901798 0.427527 0.274682 0.427526 -0.861261 -310.148538 20.395161 -88.791459 
-0.684296 0.041418 -0.728027 -0.041418 0.994566 0.095512 0.728027 0.095512 -0.678862 -224.479497 13.587036 -238.825312 
-0.628262 0.653562 -0.422071 -0.761772 -0.626995 0.163035 -0.158083 0.423951 0.891782 -232.557281 322.904254 -217.554701 
-0.858944 0.103663 -0.501468 -0.103663 0.923818 0.368530 0.501467 0.368530 -0.782762 -280.160063 33.811505 -163.562734 
-0.733460 0.029052 -0.679111 -0.029052 0.996833 0.074021 0.679111 0.074021 -0.730294 -240.187427 9.513746 -222.389639 
-0.903910 0.013208 -0.427518 -0.013208 0.998184 0.058766 0.427518 0.058766 -0.902095 -289.064341 4.223978 -136.717364 
-0.154169 0.948934 -0.275240 0.943264 0.224270 0.244860 0.294084 -0.221874 -0.929670 -29.781556 312.813967 -75.036080 
-0.979279 0.039235 -0.198681 -0.039235 0.925711 0.376192 0.198681 0.376192 -0.904989 -312.343492 12.514095 -63.369807 
-0.683429 -0.686824 0.247383 0.710508 -0.703627 0.009351 0.167643 0.182158 0.968873 -300.548339 -340.828824 100.956768 
-0.991869 0.026087 -0.124560 -0.026087 0.916303 0.399636 0.124560 0.399636 -0.908172 -315.976593 8.310462 -39.680535 
-0.903910 0.013208 -0.427518 -0.013208 0.998184 0.058766 0.427518 0.058766 -0.902095 -289.064341 4.223978 -136.717364 
-0.154169 0.948934 -0.275240 0.943264 0.224270 0.244860 0.294084 -0.221874 -0.929670 -29.781556 312.813967 -75.036080 
-0.819143 0.008758 -0.573522 -0.008758 0.999576 0.027773 0.573522 0.027773 -0.818719 -264.322418 2.826006 -185.065173 
-0.679141 0.133107 -0.721838 0.040483 0.988716 0.144231 0.732891 0.068731 -0.676866 -244.735894 9.354436 -233.057532 
-0.998900 0.012618 -0.045171 -0.012614 0.855352 0.517894 0.045172 0.517894 -0.854251 -321.153323 4.056837 -14.522648 
-0.274623 -0.231372 -0.933300 -0.777288 0.624799 0.073824 0.566044 0.745717 -0.351427 -47.941985 -144.943876 -330.810840 
-0.784231 0.034688 -0.619499 -0.034688 0.994423 0.099592 0.619499 0.099592 -0.778655 -255.209569 11.288280 -201.601276 
-0.997185 0.023783 -0.071108 -0.023783 0.799069 0.600768 0.071108 0.600768 -0.796254 -323.351840 7.711897 -23.057941 
-0.729408 -0.124503 -0.672654 0.124503 0.942714 -0.309497 0.672654 -0.309497 -0.672122 -239.607002 -40.898741 -220.963693 
-0.888380 0.019867 -0.458678 -0.019867 0.996464 0.081640 0.458678 0.081640 -0.884844 -284.684732 6.366592 -146.985158 
-0.961290 0.115801 -0.250023 -0.006889 0.897015 0.441947 0.275452 0.426561 -0.861494 -326.904422 91.240497 -35.887653 
0.748148 -0.038122 -0.662436 0.343116 0.876735 0.337057 0.567931 -0.479461 0.669008 277.737125 -18.466827 -332.369685 
-0.919784 0.066616 -0.386728 -0.066616 0.944678 0.321164 0.386728 0.321164 -0.864462 -293.897661 21.285762 -123.570860 
-0.923511 0.090411 -0.372764 -0.090411 0.893133 0.440611 0.372764 0.440611 -0.816645 -298.476856 29.220548 -120.476659 
-0.923511 0.090411 -0.372764 -0.090411 0.893133 0.440611 0.372764 0.440611 -0.816645 -298.476856 29.220548 -120.476659 
-0.752658 -0.003321 -0.658403 0.003321 0.999955 -0.008840 0.658404 -0.008840 -0.752613 -247.143725 -1.090397 -216.194237 
-0.814002 0.188957 -0.549269 0.040266 0.961691 0.271164 0.579465 0.198611 -0.790427 -237.648203 174.662448 -207.147238 
-0.928228 0.111446 -0.354927 -0.111446 0.826951 0.551118 0.354927 0.551118 -0.755179 -303.255259 36.409667 -115.956054 
-0.975842 0.172979 0.133457 -0.174131 -0.984718 0.003081 0.131951 -0.020233 0.991050 -460.689679 68.125609 60.908564 
-0.831609 -0.124168 -0.541303 0.124168 0.908441 -0.399145 0.541303 -0.399145 -0.740050 -272.727848 -40.721139 -177.521472 
-0.987906 0.045159 -0.148335 -0.045159 0.831379 0.553868 0.148335 0.553868 -0.819285 -316.020310 14.446032 -47.450671 
-0.928101 0.085391 -0.362405 -0.085391 0.898586 0.430408 0.362405 0.430408 -0.826687 -297.267924 27.350400 -116.077289 
-0.983195 0.050133 -0.175538 -0.050133 0.850438 0.523681 0.175538 0.523681 -0.833633 -314.708744 16.047082 -56.187676 
0.054532 0.657543 -0.751441 0.971653 0.138430 0.191645 0.230037 -0.740591 -0.631354 -34.728637 230.124192 -250.842852 
-0.863740 0.044823 -0.501940 -0.044823 0.985255 0.165114 0.501940 0.165114 -0.848996 -278.936970 14.475083 -162.096840 
-0.887162 -0.100807 -0.450314 0.100807 0.909942 -0.402298 0.450314 -0.402298 -0.797104 -289.081682 -32.847885 -146.734682 
-0.972892 0.059848 -0.223380 -0.059849 0.867866 0.493180 0.223380 0.493180 -0.840758 -315.877223 19.431509 -72.526653 
-0.841200 -0.061346 -0.537233 0.061346 0.976301 -0.207539 0.537233 -0.207539 -0.817501 -272.767824 -19.892230 -174.203359 
-0.987005 0.056703 -0.150351 -0.056703 0.752573 0.656062 0.150351 0.656062 -0.739579 -324.478950 18.641219 -49.428105 
-0.901949 -0.119855 -0.414876 0.119855 0.853491 -0.507137 0.414875 -0.507137 -0.755440 -289.193066 -38.429271 -133.022034 
-0.753665 -0.052132 -0.655188 0.052132 0.988967 -0.138657 0.655188 -0.138657 -0.742633 -241.861530 -16.729815 -210.258810 
-0.929216 -0.144787 -0.339992 -0.353924 0.613297 0.706119 0.106279 0.776469 -0.621129 -379.659348 20.478301 -34.896276 
0.762901 0.091153 0.640057 -0.091153 -0.964956 0.246070 0.640057 -0.246070 -0.727857 243.674111 29.114611 204.437136 
0.700098 -0.493876 0.515704 -0.698324 -0.322840 0.638841 -0.149018 -0.807379 -0.570905 143.994224 -248.000875 250.032828 
-0.999187 -0.011402 0.038662 0.011402 0.840023 0.542431 -0.038662 0.542431 -0.839210 -323.413449 -3.690718 12.513957 
-0.854905 0.488877 0.173599 -0.368658 -0.807925 0.459727 0.365005 0.329025 0.870927 -386.775913 230.462293 29.632072 
0.974305 0.064416 0.215823 -0.064417 -0.838507 0.541070 0.215823 -0.541070 -0.812812 313.996064 20.759884 69.554856 
-0.812175 -0.050562 -0.581219 0.050562 0.986389 -0.156462 0.581219 -0.156462 -0.798564 -265.245946 -16.512900 -189.818657 
-0.980027 0.067587 -0.187029 -0.067587 0.771297 0.632877 0.187029 0.632877 -0.751323 -321.473518 22.170216 -61.350316 
0.145172 0.514003 0.845414 -0.735044 0.627998 -0.255596 -0.662296 -0.584311 0.468983 -22.606719 290.886060 343.442499 
-0.995093 0.033173 -0.093217 -0.033173 0.775735 0.630186 0.093217 0.630186 -0.770828 -320.332663 10.678906 -30.007757 
0.941846 0.129314 -0.310168 -0.129315 -0.712448 -0.689707 -0.310168 0.689707 -0.654294 301.368690 41.377613 -99.246495 
-0.995093 0.033173 -0.093217 -0.033173 0.775735 0.630186 0.093217 0.630186 -0.770828 -320.332663 10.678906 -30.007757 
-0.933444 -0.105934 0.342726 0.105934 0.831390 0.545499 -0.342725 0.545500 -0.764833 -303.007676 -34.387623 111.253063 
-0.976363 -0.066107 0.205783 0.066107 0.815121 0.575507 -0.205783 0.575507 -0.791483 -315.303721 -21.348374 66.454962 
-0.892145 0.077861 -0.444989 -0.077861 0.943792 0.321238 0.444989 0.321238 -0.835937 -292.354405 25.514756 -145.822054 
-0.430988 0.779357 -0.454809 0.452025 0.622693 0.638691 0.780975 0.069683 -0.620663 -146.885926 300.123966 -94.158250 
-0.163889 0.404257 -0.899842 -0.819581 0.451873 0.352276 0.549024 0.795228 0.257265 -55.237890 105.202054 -389.080470 
0.977295 0.057047 0.204060 -0.057047 -0.856668 0.512705 0.204060 -0.512705 -0.833962 318.404151 18.586124 66.483140 
-0.980963 0.057773 -0.185403 -0.057773 0.824674 0.562650 0.185403 0.562650 -0.805637 -322.563893 18.997075 -60.964791 
-0.774479 -0.128797 -0.619349 0.128797 0.926443 -0.353717 0.619349 -0.353716 -0.700922 -251.421249 -41.811843 -201.061110 
-0.843479 -0.160979 -0.512474 0.160979 0.834436 -0.527070 0.512474 -0.527070 -0.677914 -277.238307 -52.911391 -168.442198 
-0.816196 -0.134362 -0.561935 0.134362 0.901781 -0.410778 0.561935 -0.410778 -0.717977 -267.672305 -44.064122 -184.287229 
-0.961940 -0.087518 0.258868 0.087517 0.798758 0.595253 -0.258868 0.595253 -0.760698 -315.398153 -28.695047 84.876906 
-0.789306 0.025823 0.613456 -0.025823 0.996835 -0.075187 -0.613456 -0.075187 -0.786142 -266.547601 8.720424 207.163181 
0.948021 -0.093116 0.304278 0.093117 -0.833188 -0.545094 0.304278 0.545094 -0.781209 321.058997 -31.535033 103.047403 
-0.963315 0.096206 -0.250539 -0.096206 0.747704 0.657026 0.250539 0.657026 -0.711018 -327.096107 32.667050 -85.071068 
-0.937537 -0.113345 0.328904 0.113345 0.794326 0.596824 -0.328904 0.596824 -0.731863 -315.206615 -38.107336 110.579956 
-0.506526 -0.194085 -0.840096 -0.791227 -0.282543 0.542336 -0.342623 0.939415 -0.010450 -92.867392 -97.382274 -394.318958 
-0.759687 0.018524 0.650025 -0.018524 0.998572 -0.050106 -0.650025 -0.050106 -0.758259 -255.919174 6.240266 218.976718 
0.993355 -0.034952 -0.109658 0.034951 -0.816171 0.576752 -0.109659 -0.576752 -0.809526 334.118290 -11.756179 -36.884017 
-0.854247 -0.022634 0.519375 0.022634 0.996485 0.080653 -0.519375 0.080653 -0.850732 -286.120923 -7.581008 173.959219 
0.783062 0.519611 0.341786 0.393687 -0.839552 0.374383 0.481481 -0.158608 -0.861986 225.170311 248.102898 83.935934 
-0.824056 -0.028234 0.565805 0.028234 0.995469 0.090794 -0.565805 0.090794 -0.819525 -277.399111 -9.504159 190.464944 
-0.489553 0.863054 -0.124401 -0.859460 -0.501675 -0.098239 -0.147195 0.058824 0.987357 -233.453943 407.581293 -3.662798 
0.775796 0.036998 -0.629899 -0.036998 -0.993895 -0.103946 -0.629899 0.103945 -0.769690 263.077533 12.546321 -213.602848 
-0.993583 -0.034550 0.107704 0.034550 0.813989 0.579852 -0.107704 0.579852 -0.807572 -335.195416 -11.655925 36.334954 
-0.962614 0.076091 -0.259971 -0.076091 0.845135 0.529110 0.259971 0.529110 -0.807749 -324.978764 25.688299 -87.766232 
0.867894 0.056190 0.493560 -0.056191 -0.976100 0.209933 0.493560 -0.209933 -0.843994 293.368579 18.993593 166.834962 
-0.791940 0.058628 -0.607778 -0.058629 0.983479 0.171264 0.607778 0.171264 -0.775419 -268.145329 19.851197 -205.789383 
0.867128 -0.038572 0.496590 0.038572 -0.988803 -0.144159 0.496590 0.144159 -0.855930 287.721391 -12.798708 164.773359 
-0.873101 -0.015304 0.487299 0.015304 0.998154 0.058766 -0.487299 0.058766 -0.871255 -290.337252 -5.088970 162.044481 
-0.869890 0.060988 0.489461 -0.060990 0.971411 -0.229434 -0.489461 -0.229435 -0.841301 -290.877472 20.393484 163.668147 
-0.743206 0.026214 -0.668549 -0.585209 0.458876 0.668553 0.324306 0.888114 -0.325699 -218.359519 -86.092062 -329.882863 
-0.912733 -0.060455 0.404060 0.060455 0.958120 0.279914 -0.404060 0.279914 -0.870852 -305.129285 -20.210264 135.078591 
-0.956150 0.082160 -0.281118 -0.082160 0.846061 0.526716 0.281118 0.526716 -0.802211 -322.242915 27.689638 -94.742682 
-0.907897 0.073124 -0.412766 -0.073125 0.941943 0.327712 0.412766 0.327712 -0.849841 -303.027673 24.406578 -137.768402 
-0.694875 0.340788 -0.633256 0.144018 0.928692 0.341746 0.704562 0.146271 -0.694404 -250.679080 125.873067 -199.586836 
0.813485 0.578897 -0.055865 -0.581583 0.809426 -0.081183 -0.001778 0.098531 0.995132 395.205470 251.903071 -36.134948 
-0.907897 0.073124 -0.412766 -0.073125 0.941943 0.327712 0.412766 0.327712 -0.849841 -303.027673 24.406578 -137.768402 
-0.694875 0.340788 -0.633256 0.144018 0.928692 0.341746 0.704562 0.146271 -0.694404 -250.679080 125.873067 -199.586836 
0.813485 0.578897 -0.055865 -0.581583 0.809426 -0.081183 -0.001778 0.098531 0.995132 395.205470 251.903071 -36.134948 
-0.855578 0.011659 -0.517542 -0.011658 0.999059 0.041780 0.517542 0.041780 -0.854637 -285.903256 3.896097 -172.943892 
-0.967682 0.068876 -0.242584 -0.068876 0.853209 0.517002 0.242584 0.517002 -0.820891 -325.037855 23.135044 -81.482180 
-0.865766 -0.124444 0.484729 0.124444 0.884631 0.449379 -0.484729 0.449379 -0.750398 -292.583873 -42.055685 163.813196 
-0.881482 -0.110863 0.459019 0.110863 0.896298 0.429371 -0.459019 0.429371 -0.777780 -296.707994 -37.316482 154.506312 
-0.827830 0.146536 -0.541503 -0.146536 0.875282 0.460877 0.541503 0.460877 -0.703112 -280.940617 49.729775 -183.769915 
0.896468 -0.430758 0.103885 0.438781 0.895657 -0.072593 -0.061776 0.110661 0.991936 414.415572 -228.155435 67.369460 
-0.704218 0.697622 0.131907 -0.706818 -0.706396 -0.037572 0.066967 -0.119693 0.990550 -320.852914 343.556894 89.047500 
0.459638 0.872401 -0.166279 -0.878200 0.474360 0.061216 0.132282 0.117889 0.984177 215.713130 400.908491 -88.150485 
-0.896051 -0.048825 0.441258 0.048825 0.977067 0.207260 -0.441258 0.207260 -0.873118 -296.202195 -16.139858 145.863904 
-0.830406 0.450977 -0.327179 -0.530086 -0.458667 0.713185 0.171564 0.765666 0.619936 -316.226586 217.419846 -243.817600 
0.929409 -0.085981 -0.358895 0.085981 -0.895273 0.437143 -0.358895 -0.437143 -0.824682 309.744714 -28.654981 -119.609084 
-0.958278 -0.060199 -0.279428 0.060198 0.913143 -0.403169 0.279428 -0.403169 -0.871421 -317.780298 -19.962903 -92.662817 
-0.927619 -0.063844 0.368031 0.063844 0.943686 0.324625 -0.368031 0.324625 -0.871305 -308.140211 -21.208051 122.253968 
-0.561136 0.375854 -0.737468 -0.629185 -0.772595 0.084988 -0.537821 0.511694 0.670013 -182.273693 146.673854 -342.402852 
-0.942647 0.107658 -0.315954 -0.107659 0.797912 0.593081 0.315954 0.593081 -0.740559 -316.696628 36.169511 -106.149741 
-0.995716 0.031796 -0.086822 -0.031795 0.763996 0.644437 0.086822 0.644437 -0.759712 -333.115159 10.637322 -29.046204 
-0.005739 0.661279 -0.750118 -0.899166 0.324828 0.293237 0.437570 0.676163 0.592735 52.358370 230.335034 -374.495484 
-0.879081 -0.153116 0.451411 0.153116 0.806114 0.571608 -0.451411 0.571608 -0.685195 -297.959932 -51.897763 153.003255 
-0.876989 0.135289 -0.461072 -0.135288 0.851209 0.507091 0.461072 0.507091 -0.728198 -294.574266 45.442425 -154.870626 
-0.987861 0.033786 -0.151621 -0.033786 0.905963 0.422007 0.151621 0.422007 -0.893824 -325.597659 11.135912 -49.973965 
0.975208 -0.041796 0.217306 0.041796 -0.929536 -0.366354 0.217306 0.366354 -0.904745 320.744373 -13.746682 71.471657 
0.975208 -0.041796 0.217306 0.041796 -0.929536 -0.366354 0.217306 0.366354 -0.904745 320.744373 -13.746682 71.471657 
-0.880293 0.072987 -0.468782 -0.072986 0.955500 0.285821 0.468782 0.285821 -0.835793 -291.569963 24.174526 -155.269682 
-0.682261 -0.516553 -0.517390 -0.731089 0.476840 0.487988 -0.005359 0.711193 -0.702976 -256.914139 -166.560010 -156.655932 
-0.197971 -0.907594 -0.370244 -0.062437 -0.365277 0.928803 -0.978217 0.206993 0.015646 -51.439104 -376.633905 -82.251906 
-0.903354 0.062024 -0.424387 -0.062024 0.960195 0.272356 0.424387 0.272356 -0.863550 -299.342851 20.552702 -140.628183 
-0.719931 0.036818 -0.693069 -0.036818 0.995160 0.091112 0.693068 0.091112 -0.715091 -240.491001 12.299017 -231.517762 
-0.870937 0.074092 -0.485777 -0.074092 0.957466 0.278871 0.485778 0.278871 -0.828403 -288.279209 24.524276 -160.791873 
0.995957 0.046857 0.076641 -0.047040 0.998893 0.000584 -0.076529 -0.004186 0.997059 449.224832 64.648581 92.666913 
-0.101690 -0.659593 -0.744712 -0.935163 0.318707 -0.154583 0.339307 0.680708 -0.649236 27.398226 -270.904107 -230.854723 
-0.780139 0.012064 -0.625489 -0.012064 0.999338 0.034321 0.625489 0.034321 -0.779478 -259.422905 4.011545 -207.996329 
0.329664 -0.930678 -0.158619 0.944097 0.324718 0.056904 -0.001453 -0.168511 0.985699 167.699207 -422.055010 -78.415045 
-0.992249 -0.050472 0.113555 0.050472 0.671354 0.739416 -0.113555 0.739416 -0.663603 -334.276402 -17.003270 38.255421 
-0.944792 -0.131967 0.299921 0.131967 0.684552 0.716919 -0.299921 0.716919 -0.629344 -319.827043 -44.672788 101.527948 
-0.944792 -0.131967 0.299921 0.131967 0.684552 0.716919 -0.299921 0.716919 -0.629344 -319.827043 -44.672788 101.527948 
-0.944792 -0.131967 0.299921 0.131967 0.684552 0.716919 -0.299921 0.716919 -0.629344 -319.827043 -44.672788 101.527948 
-0.873679 0.044369 -0.484476 -0.044370 0.984416 0.170169 0.484476 0.170169 -0.858094 -287.761743 14.613871 -159.570772 
-0.342362 0.939566 0.002047 -0.906468 -0.330874 0.262370 0.247192 0.087970 0.964965 -181.342788 425.605435 28.554867 
-0.981033 0.045325 0.188467 -0.045324 0.891691 -0.450370 -0.188467 -0.450370 -0.872724 -322.700001 14.909072 61.994061 
-0.791580 0.058612 -0.608248 -0.058612 0.983517 0.171052 0.608248 0.171052 -0.775097 -262.886889 19.465317 -202.001696 
-0.964492 -0.105484 0.242132 0.105484 0.686634 0.719309 -0.242132 0.719310 -0.651126 -323.060662 -35.332442 81.103219 
0.798417 0.125523 -0.588876 -0.125519 -0.921841 -0.366680 -0.588877 0.366678 -0.720258 266.379883 41.878969 -196.469585 
-0.812673 0.218777 -0.540093 -0.218777 0.744494 0.630766 0.540093 0.630766 -0.557167 -274.768938 73.969560 -182.608174 
-0.148679 0.855110 -0.496671 -0.982597 -0.071197 0.171564 0.111345 0.513535 0.850814 -101.001354 360.363132 -229.417325 
-0.946028 -0.132944 0.295562 0.132944 0.672532 0.728029 -0.295562 0.728029 -0.618560 -320.056041 -44.976951 99.993114 
0.843098 0.080920 -0.531638 -0.080919 -0.958268 -0.274182 -0.531638 0.274182 -0.801365 278.392855 26.719850 -175.548073 
-0.718457 -0.028494 -0.694988 0.028495 0.997116 -0.070338 0.694988 -0.070338 -0.715573 -239.284020 -9.489856 -231.467702 
-0.814899 0.058988 -0.576594 -0.058988 0.981201 0.183750 0.576594 0.183750 -0.796100 -268.936800 19.467632 -190.290254 
0.796782 0.103269 -0.595377 -0.103268 -0.947522 -0.302551 -0.595377 0.302551 -0.744305 264.294231 34.254467 -197.487729 
0.334524 -0.899535 0.280945 0.448292 -0.110333 -0.887052 0.828931 0.422686 0.366346 75.498730 -382.705497 212.119263 
0.766205 0.193362 -0.612814 -0.193361 -0.840079 -0.506831 -0.612814 0.506831 -0.606284 257.490826 64.981104 -205.942402 
0.766205 0.193362 -0.612814 -0.193361 -0.840079 -0.506831 -0.612814 0.506831 -0.606284 257.490826 64.981104 -205.942402 
-0.975481 0.096521 -0.197790 -0.096521 0.620039 0.778611 0.197790 0.778611 -0.595520 -328.103076 32.464888 -66.526804 
0.686903 0.274967 -0.672724 -0.274967 -0.758520 -0.590796 -0.672724 0.590796 -0.445423 233.147554 93.328724 -228.335006 
-0.782184 0.125864 -0.610203 -0.125863 0.927271 0.352601 0.610203 0.352600 -0.709454 -259.047544 41.684162 -202.090045 
0.254851 0.954309 0.156027 -0.966910 0.249547 0.053023 0.011664 -0.164377 0.986329 99.419333 448.505749 99.094230 
-0.918621 -0.093346 0.383955 0.093347 0.892926 0.440420 -0.383955 0.440420 -0.811547 -302.770690 -30.766226 126.548717 
-0.954059 -0.123057 0.273182 0.123057 0.670379 0.731744 -0.273182 0.731744 -0.624438 -318.819134 -41.122257 91.289430 
0.096010 0.917883 -0.385063 -0.072212 0.392254 0.917018 0.992758 -0.060237 0.103942 10.778058 326.038577 -210.334742 
-0.775535 0.289527 -0.560998 -0.289527 0.626551 0.723607 0.560998 0.723607 -0.402087 -263.158768 98.243874 -190.360752 
-0.933277 -0.151286 0.325741 0.151286 0.656980 0.738573 -0.325741 0.738573 -0.590256 -313.550016 -50.827150 109.438252 
-0.941969 0.089875 -0.323445 -0.089875 0.860806 0.500934 0.323445 0.500934 -0.802776 -310.335675 29.609615 -106.560310 
-0.814334 0.178296 -0.552332 -0.178295 0.828782 0.530406 0.552332 0.530406 -0.643116 -270.907258 59.314314 -183.746179 
-0.900247 0.133797 -0.414312 -0.133798 0.820539 0.555710 0.414311 0.555710 -0.720786 -297.999886 44.289646 -137.145513 
-0.621790 0.332058 -0.709305 0.226938 0.943205 0.242619 0.749584 -0.010110 -0.661832 -206.442869 87.201468 -247.196176 
-0.787071 0.153229 -0.597529 -0.153229 0.889733 0.429996 0.597529 0.429996 -0.676803 -261.764294 50.960977 -198.726342 
-0.064656 0.973490 0.219399 -0.997143 -0.071632 0.023981 0.039061 -0.217222 0.975340 -39.729928 454.114465 112.126595 
-0.507263 -0.261864 -0.821043 0.261864 0.860833 -0.436341 0.821043 -0.436341 -0.368096 -172.233803 -88.912060 -278.773301 
-0.685787 -0.265526 -0.677637 0.265526 0.775617 -0.572638 0.677637 -0.572638 -0.461404 -231.552428 -89.653383 -228.800639 
-0.974104 -0.093172 0.206011 0.093172 0.664773 0.741212 -0.206011 0.741212 -0.638877 -325.493973 -31.133298 68.838057 
-0.961083 0.118045 -0.249768 -0.118045 0.641935 0.757618 0.249768 0.757618 -0.603018 -320.003305 39.304534 -83.163183 
-0.944641 0.120401 -0.305215 -0.120401 0.738137 0.663821 0.305215 0.663821 -0.682778 -312.997622 39.893732 -101.130065 
-0.810485 0.087087 -0.579250 -0.087087 0.959981 0.266181 0.579249 0.266181 -0.770466 -267.111228 28.701346 -190.903051 
-0.733800 0.304848 -0.607128 -0.304848 0.650892 0.695275 0.607129 0.695275 -0.384692 -248.162056 103.095945 -205.323317 
-0.733800 0.304848 -0.607128 -0.304848 0.650892 0.695275 0.607129 0.695275 -0.384692 -248.162056 103.095945 -205.323317 
-0.606189 0.070058 -0.792229 -0.070057 0.987537 0.140935 0.792229 0.140935 -0.593726 -202.764838 23.433604 -264.993399 
0.821828 0.451745 -0.347167 -0.512585 0.852264 -0.104419 0.248707 0.263767 0.931972 395.619544 153.792996 -164.342982 
-0.651204 0.060369 -0.756498 -0.060369 0.989551 0.130933 0.756498 0.130933 -0.640755 -215.219164 19.951631 -250.018437 
-0.668565 -0.553981 -0.496111 -0.710003 0.673919 0.204279 0.221171 0.488814 -0.843886 -219.383240 -168.046183 -173.754196 
-0.545418 -0.194116 -0.815376 0.194116 0.917108 -0.348182 0.815376 -0.348182 -0.462526 -182.984024 -65.124649 -273.553390 
-0.886832 0.196872 -0.418055 -0.196872 0.657514 0.727267 0.418055 0.727267 -0.544346 -295.668282 65.636648 -139.378870 
-0.574345 0.306955 -0.758885 -0.306955 0.778643 0.547259 0.758885 0.547260 -0.352989 -194.322324 103.854239 -256.758962 
-0.503094 0.047304 -0.862936 -0.047303 0.995497 0.082148 0.862936 0.082148 -0.498591 -167.650520 15.763389 -287.564094 
-0.596157 0.077347 -0.799133 -0.077347 0.985186 0.153056 0.799133 0.153056 -0.581343 -197.557690 25.631692 -264.821158 
-0.645992 0.005067 -0.763327 -0.005067 0.999927 0.010925 0.763327 0.010925 -0.645920 -213.650632 1.675697 -252.457041 
-0.265011 0.734944 -0.624201 0.704959 0.589341 0.394602 0.657877 -0.335462 -0.674287 9.831513 287.364454 -220.870743 
-0.285114 -0.041064 -0.957614 0.041064 0.997641 -0.055006 0.957614 -0.055006 -0.282755 -96.358380 -13.878133 -323.639357 
-0.972470 0.129647 -0.193633 -0.129647 0.389454 0.911876 0.193632 0.911876 -0.361924 -327.315034 43.636567 -65.173045 
-0.256221 0.184974 -0.948754 -0.184974 0.953998 0.235951 0.948754 0.235951 -0.210219 -86.915634 62.747116 -321.837253 
-0.362833 0.116431 -0.924552 -0.116431 0.978724 0.168946 0.924552 0.168946 -0.341557 -122.430986 39.287508 -311.972258 
-0.693465 -0.116640 -0.710987 0.116640 0.955618 -0.270537 0.710987 -0.270537 -0.649082 -229.356729 -38.577423 -235.151940 
-0.309275 0.625498 -0.716311 -0.081522 -0.767906 -0.635354 -0.947472 -0.138104 0.288486 -238.943679 188.840914 -412.477817 
-0.468610 -0.083246 -0.879474 0.083246 0.986959 -0.137777 0.879474 -0.137777 -0.455569 -157.422393 -27.965360 -295.445717 
-0.539902 -0.116308 -0.833654 0.116308 0.970599 -0.210738 0.833654 -0.210738 -0.510501 -180.308127 -38.842609 -278.410657 
-0.374270 -0.106988 -0.921127 0.106988 0.981707 -0.157496 0.921127 -0.157496 -0.355977 -126.752295 -36.233225 -311.953608 
-0.692103 -0.093145 -0.715763 0.093145 0.971821 -0.216533 0.715763 -0.216533 -0.663925 -229.190685 -30.845139 -237.025824 
-0.932031 0.177548 -0.315902 -0.177548 0.536209 0.825201 0.315902 0.825201 -0.468240 -313.501934 59.720680 -106.258088 
-0.629888 -0.105291 -0.769516 0.105291 0.970047 -0.218915 0.769516 -0.218915 -0.599934 -209.585741 -35.033931 -256.045067 
0.370869 0.901021 0.224984 -0.901477 0.291068 0.320341 0.223148 -0.321622 0.920198 143.355797 432.484954 117.690902 
0.910229 -0.395210 -0.123659 0.392060 0.918586 -0.049897 0.133311 -0.003064 0.991069 426.915223 -166.036514 -73.779729 
0.850897 0.519360 0.078990 0.246475 -0.527470 0.813035 0.463923 -0.672340 -0.576832 283.545013 181.407963 -5.140691 
-0.955470 0.155398 -0.250855 -0.155398 0.457699 0.875421 0.250855 0.875421 -0.413169 -323.027126 52.537368 -84.809662 
-0.971615 0.118431 -0.204790 -0.118431 0.505871 0.854440 0.204790 0.854440 -0.477486 -328.716564 40.067622 -69.284380 
-0.953017 0.097610 -0.286758 -0.097610 0.797208 0.595761 0.286758 0.595761 -0.750226 -313.486198 32.107920 -94.326501 
0.915647 0.131626 0.379822 -0.131626 -0.794608 0.592683 0.379822 -0.592683 -0.710255 305.759012 43.953386 126.832594 
-0.965971 0.084190 -0.244564 -0.084190 0.791706 0.605074 0.244564 0.605074 -0.757677 -319.484108 27.844971 -80.886772 
-0.939570 0.106037 -0.325522 -0.106037 0.813935 0.571196 0.325522 0.571196 -0.753506 -310.448619 35.036333 -107.557502 
0.869769 0.177637 0.460377 -0.177637 -0.757701 0.627960 0.460377 -0.627960 -0.627470 293.050580 59.850946 155.114379 
-0.331313 0.779026 0.532307 -0.031559 -0.573004 0.818944 0.942993 0.254528 0.214429 -155.572098 315.270664 159.577766 
-0.835489 -0.162629 -0.524890 0.162629 0.839232 -0.518885 0.524890 -0.518885 -0.674721 -283.156916 -55.116720 -177.891431 
-0.877914 -0.104270 -0.467327 0.104270 0.910947 -0.399129 0.467327 -0.399129 -0.788861 -291.124600 -34.576759 -154.970112 
-0.162183 0.986759 0.002049 -0.940174 -0.155156 0.303312 0.299614 0.047266 0.952889 -126.690275 455.906225 26.320653 
-0.877914 -0.104270 -0.467327 0.104270 0.910947 -0.399129 0.467327 -0.399129 -0.788861 -291.124600 -34.576759 -154.970112 
-0.162183 0.986759 0.002049 -0.940174 -0.155156 0.303312 0.299614 0.047266 0.952889 -126.690275 455.906225 26.320653 
